-6.702857443154173
-6.269124948813623
9.534535974440422
3.003365930262408
9.590293958289065
2.694437577585912
-6.178096040222049
-4.541036101261164
-6.474102474255841
-5.316652028518373
9.375213116537195
1.9185904680406627
-6.413101101108103
-4.2817806526629285
-6.459294331711886
-4.456989592861584
9.437782156122717
2.6318950396591223
-5.319732628778316
-5.303853357747489
9.45164595306912
3.176906455955726
-5.685902663736069
-5.148294177069471
10.133561621109966
2.7204293594609217
10.302120406101713
3.618710503883297
-6.712720749872969
-5.81347977317982
-4.842334788546787
-5.686908762490752
-6.4947562687687475
-5.127353976198232
10.13028718572495
3.2053100746947423
10.001987429083066
4.988066144844923
10.190765377859458
2.294648188383038
-5.922886552992604
-5.1373267017039534
-6.101364894390026
-4.404147160919757
10.433022426460882
2.864238509692413
-6.294255788224063
-5.377318924845084
-6.273684135387014
-4.6355447664822265
10.39183987694398
2.322326512860556
9.737527185680818
3.8222136050606967
-5.296024264906738
-4.84016264670797
-6.3495911394742945
-4.768818770151941
-5.656511370661719
-5.027607110034693
-6.01771116972571
-4.869418295815095
10.53071692728911
2.252838043654026
-5.954098156480884
-5.308511360934292
9.737014329007481
2.9538083629498786
10.482582182861446
3.9585653005748807
10.769789494162902
3.077397867360972
-6.746350889000635
-4.929560140085702
10.080961161520136
2.7618538811699818
9.768654217669074
3.478892602030682
-6.351455420346522
-4.521239957533045
-6.010757392232476
-4.124221635619077
10.24387994338032
3.0290037935644842
-6.353516601088149
-4.871494015702656
9.728855588336952
3.481768252603786
9.29876274256002
2.9508626307933126
-4.778899711144881
-5.120683868324577
10.662314377602076
3.7222519602701856
-6.212100218296935
-4.725498410005382
9.722237304338112
2.8440696404425054
9.935618261987527
2.835276688737796
9.981477181722859
2.4041722490969346
10.44279203637373
2.4344183199203213
10.42643300380852
2.717048820331019
-6.450967363450294
-4.658282324586098
9.370154661190247
3.1469119524495213
9.993404947421721
2.4292656398477575
10.425934933521749
3.726347212921345
10.06435863016397
2.7270819443143584
-7.05980668371904
-4.091893661771322
-5.416794061098087
-4.718468237466172
10.411287458282702
2.614285784627037
-6.471296536185789
-4.978164403265928
-6.07588697059768
-4.569134074889123
9.027561149918423
3.0661511877773466
-6.515124853472463
-4.759027275604487
-5.5903066928626375
-5.9464161633770685
10.226846558448216
3.0504425460585862
-5.37076081001383
-4.054601779462543
10.578772649957536
3.0583977505564834
10.49304091813427
2.7801750703564685
-6.074127627199817
-5.0302473017399185
-6.373239633939843
-4.48547330631947
10.373821057806817
2.0002796790029174
9.454687154307871
2.1450744447339463
-5.757788780509205
-5.6888306786768705
10.211475734322528
3.9405682390835834
9.53305960924717
3.660162373619168
-6.467049076602544
-5.271172305531547
9.936581499908861
3.5173367434703806
9.808325088194847
3.3210646802059722
9.61210637926325
2.186592107468406
-6.340730399995096
-4.717393107876328
9.347538809740966
3.40032399670761
-6.331994539231869
-5.34958127891198
-6.4759798039296115
-4.8676531923470865
10.252005601487394
3.061387408744231
9.94869404571289
2.6490896334594605
10.557094184755247
3.749245601417472
10.49922064993476
3.6614638369147086
-6.218788823476405
-4.792013717979879
10.223687187000568
3.6652236879113307
-6.495494619611554
-4.8854956041608
-6.510960974635031
-5.53124007082165
8.802125961841254
3.974202102976532
9.858134076490584
3.8416153947675693
-5.742918621828368
-5.091177748234111
-6.85080747092398
-5.029069815196857
-6.719723833537458
-5.517884843726083
-7.048435045843915
-4.897064102051129
-5.871636152813104
-3.9884315002703605
9.700447242588599
3.469568423395998
10.486968157187556
2.8626285519511114
-5.6966430925844245
-4.9146575144509885
10.659639554669035
2.9069665274884215
-5.712834185377804
-4.859655970053665
-6.513872645754606
-4.964886321885873
8.942968859583413
3.194878441200195
10.781794316341394
3.481722439226085
-5.882168048376921
-5.727300300087872
8.910647916796021
2.6838781568230696
9.91077871637136
2.0459443641377493
-5.980359567604577
-4.346404516804862
-5.867205914306554
-4.87979362520259
-4.916265857176128
-4.7321764100612835
9.624363468927633
2.795713425138056
-6.6949685373786245
-5.598754189915091
-6.329072430561056
-4.114228104922978
9.79061520197093
2.7978733216033778
-6.824648883856233
-5.139642769233517
-5.420541394901686
-4.4750557557682455
9.77710459297125
3.1283169307469647
-5.6852759133282404
-5.468614653277456
-6.245222546229451
-5.2321930218518355
10.423733248998465
2.7942279621388533
-6.928658263913199
-5.631304285839288
9.598898158053249
2.5531650294562818
-5.913696206593432
-3.7047787494905284
-6.234785542463898
-5.407552552643256
9.958266197975771
2.874774063138601
-5.025686292342778
-4.5541021969899385
9.501542764848848
3.6140242780145906
10.127470424052598
2.258975507829737
-7.015775558874317
-4.759467355807365
9.1483870826099
2.1784636705990628
-5.409100731000991
-5.007784502489839
10.401880964467926
4.042541133388597
-5.903768732284365
-5.0940118550018445
10.053313724888506
3.0260136100668844
10.728165696705394
3.644323681259456
9.928444569561915
3.1344939266420075
9.642134331884039
3.0359459184756155
-5.785955765242778
-4.907685789992174
-5.827261155093157
-5.146511432002871
-6.097584243505629
-4.231078455900167
9.445431618093668
3.2931018014963853
-5.951245759708829
-5.251058638855894
-6.036814585308269
-5.111842657382516
10.631594850851375
3.760927490994325
-6.116741035197575
-5.0294945549544865
10.152627030226789
2.604655860259846
9.816209600400033
2.6900650094397878
10.629482968882808
3.129794278339045
9.944536845785901
3.9270931728708294
-5.998969826832483
-5.253632310338991
-5.236805216817473
-5.318680813229672
-6.447721161308485
-5.449324084411932
-6.098338674594861
-5.093388462356749
-5.745665535682493
-4.0890457045204265
-4.982570586180033
-5.42705118688237
10.919694144873588
2.6490445812899464
9.37167064625888
2.7863370061273143
-5.673964579888628
-4.433501941038019
-6.608597992683626
-4.329844834188645
9.86770059557317
2.752914467115949
-6.164397070492692
-5.215572132888677
-6.159901955755593
-4.768322419782192
-7.097033744037754
-5.2742209737276715
10.3530414640213
2.5548162602301434
10.869473649674228
3.151764638603452
9.71377440108511
2.8828103391524578
-5.9679659133057035
-4.1615383159147585
-5.2680971540254795
-5.173825411553603
9.621553008250917
2.4963081664370854
9.707204763574758
3.3861975906655997
8.908073482967948
3.013836718882825
-6.587364235741872
-5.172405530552225
10.110612334796835
2.7548045448536427
-5.26739960661386
-6.053234226726211
-6.6552171268162565
-3.9452726574858534
9.842711608222894
2.7320737493253087
-6.589162644041739
-4.37433069855412
-5.909743296440214
-6.238123303341908
-5.849264965607998
-5.850699717757535
9.700189308233297
2.9956603633996326
10.431184214860068
4.075044835144072
10.618395602123528
3.3297893498485425
-5.580765597585022
-4.67823771990002
10.817862605023524
2.9428498318453338
-5.009989151633821
-4.808430655026551
-6.336186541963522
-4.177389485550973
-5.591601949109033
-5.635773354602885
-5.107848668595221
-4.665431484011274
10.567984983981349
3.0515130840113307
10.257428190684792
3.814846064625261
-6.06586691167856
-4.248604590689711
10.543631356717958
2.9340249824419433
9.931778666857097
3.2820221643776604
-6.388009119744805
-5.634241803107965
10.174028764065648
3.1539391119251783
-5.380879235864518
-5.6374525865219445
-5.676249499869716
-4.57108239344614
10.544069655270073
3.1821578702703945
11.220562315628142
4.5423161564743975
11.294778080233446
3.5784261746199815
-6.0005131847929905
-5.314480854743328
-5.81928311570725
-5.062933765391719
-6.399482558013665
-5.673274817849778
9.671624098793503
2.6889767396602426
-6.292456490851918
-4.716167684699168
9.895015483186077
3.5413277619143755
-5.98543010501753
-4.571476527084344
-6.1822981803431105
-4.812471784563198
9.96634568783102
2.682258929561485
-5.614532145624769
-4.6072291395441205
-5.2724904563124255
-4.929273469287766
-5.6030391816475875
-4.969902351676911
9.495593464432714
3.159894754827355
-5.155794212913545
-4.809955849340453
10.436372839637679
3.0830642914480166
-7.305718625748767
-5.433198822299652
-5.755525185840878
-4.005464627980716
-5.901239299852374
-4.493666386270367
-6.234081801919
-4.819921593969909
10.564148466328762
2.777681217127781
9.852062115747877
2.9142144233285476
10.250012548287563
3.649743801821002
-6.161922644519176
-4.010526202170723
9.977183826720836
3.1447924430038716
-5.479547433131803
-4.93989617263484
10.367676561731667
3.207024705580695
10.6830442941816
3.7419422574499888
-6.093380204826082
-5.232764692753914
-5.986976176698249
-5.133670829554499
-5.8726297233372735
-4.61774493104859
9.706956179090719
2.8111300400130994
9.805349908256305
2.801124027757332
9.851015503752055
3.3169953790097537
-6.088856739777041
-4.627699971296223
-6.394071352011077
-6.147661812751047
-6.45241927980892
-3.781884984169872
9.583396020340116
3.4012823652022006
-6.249376946850086
-4.466513885574274
11.099316638636257
3.407431329558648
10.033803879979798
2.9750731423508707
10.117733898310648
4.016142384505529
-6.118425274634646
-4.906969090698812
9.15960968862821
3.299627868882425
-4.869454490632445
-6.4396315887617055
-6.4049843205657115
-4.471933368339602
10.50175470983493
3.193899686543946
-5.205750380846128
-4.093369793417958
-6.718779121224743
-5.120882246898422
-6.4665085089685315
-4.948156027200936
-6.3561204814032415
-5.437386425028044
9.903158234227565
3.223633350394061
-5.834916226247078
-5.574478480973808
-5.472610877516923
-5.808618935904976
-6.955273447206662
-4.975206187648909
-6.32755570233791
-4.667812866534742
10.19829340629574
3.0656107281533265
-5.576500627728208
-5.123223509948029
-5.385927551852904
-5.140319573117209
-6.631028198785516
-4.336047346578902
-5.113614127925594
-4.192923844968631
-5.087999462135575
-4.690666207667044
-6.190039494480494
-4.853473914657042
-6.4877645612145685
-5.078236161407738
-5.740375291864774
-4.722852093443577
10.295645721263408
2.1025009646052615
9.78656174959481
3.0720637485929463
9.729717018572822
2.9723027704858134
9.932369836786451
3.108768064524837
10.156191130774669
3.5924014440922445
9.473256229932321
3.3319858657352546
10.352877678861685
3.246879676763032
9.510124599167211
3.1256111028739966
-6.652749390852129
-5.390047650834698
-5.82860280753264
-4.731042258432457
-5.907273228652024
-4.453752499397103
9.545717091773065
2.4115871633474675
-6.244070131492157
-5.705689078787194
-6.132225446466539
-4.572706517385548
-7.003726097489179
-4.262886408748286
-6.6172704073260205
-5.350636915075025
9.926357259963327
3.242781216779034
10.56457290758075
2.4463311231644393
9.62628903135384
3.408225420695628
-5.466390558565162
-4.140442881653808
9.72475430637295
2.6209916565189046
-6.267578993253003
-6.087952868797853
-6.129850084520861
-4.609978385233858
-5.547617050274351
-4.760677280068441
10.596800067654465
3.2340306506127137
9.982583989697984
3.060723289212888
10.000115664571517
3.318099012926651
-6.08513009187894
-5.319832457212514
-5.368754639683785
-5.320887223562075
9.84269250037009
3.333344635586042
10.258407268643387
3.500469442065002
-6.183529358338624
-5.422038825183979
-5.431988425586491
-4.849351167088129
9.869896680736316
2.8397164116764726
-5.906075523938983
-4.636540787181346
-6.3889592863738285
-4.637307984778685
-5.848831409064533
-4.589842050166804
9.520662622883322
2.576721255586181
9.440796617719505
2.6544426174426246
9.597569701268212
2.7523303939779766
8.836765538461314
2.7609741512271184
-6.331590166774057
-6.056749119557166
10.892803672134393
4.0474510354609885
-6.360429021218769
-4.754317316689482
9.885365649699365
2.9551226214122077
10.162222355723918
3.374921510847866
-6.324499068360626
-5.63201446187555
10.431375256046115
3.174324575499862
9.813115660218775
3.4162599669273206
10.078557797513222
3.5901308035098927
9.755662913828289
2.8617829134489945
-6.050820261894284
-4.881371805395316
-5.989195713691812
-4.806244602014925
10.313513314835928
3.538696826308006
-6.003327515839257
-4.544864630975064
10.423986265740922
3.580557157582378
-6.669731350872489
-5.530218194005238
9.877023663660282
2.9515490986018973
10.652086853898098
2.7341180520285104
-5.934946705205309
-5.127831549543475
10.485517950659931
2.5230971606852366
-6.56932044836342
-4.742017530975486
-5.138923664124393
-6.420244340911273
-6.183727485230281
-5.277578675262899
10.235002225459596
2.3946030378952243
10.298891842536852
1.594181766017408
10.409228642953902
3.3980577328606847
9.587768759998434
3.276834096055378
9.957524248730616
3.086796910106271
-5.972804720413858
-4.564699056343812
-6.2638701540425705
-6.078566126178636
9.063885518823273
2.915918487976488
10.018274587021411
2.5792640092928427
-5.266226982575826
-4.911021319276257
-6.387826020327243
-4.425133595511509
-6.272970800519861
-4.783812837208016
-5.905055943616095
-4.597262098098696
10.255437254866578
2.898827969013169
9.330915272717466
3.08253504173135
-5.86344003465738
-4.309021059662828
10.911971865077847
2.457655800364534
9.49256769145159
3.079608299074954
10.032725665639003
2.282217442364276
-6.150222638970454
-5.578142804475535
-5.0084257918266335
-5.828282045373977
9.341480709921411
2.6029906204769273
-5.325558506828274
-5.102207864111419
9.60496697676801
2.40414683689811
10.33483720359187
3.1360298910398736
-5.054476540123335
-5.73769198380375
-6.609527525189425
-4.733833744169675
-5.600608786901724
-5.461296736306822
-6.17440946008868
-4.654815243441957
10.475814351858237
2.925470014795132
10.374447683625704
2.7602779151972876
10.38967734184411
3.056095963428466
-5.693707946200745
-5.256798428124972
-5.2267397893085175
-5.455216375924088
-6.1174758545762336
-5.146679594603276
-5.841967660884309
-5.312044695741376
-5.968757358586452
-5.276349549976562
-6.890248545837411
-4.596071556055579
9.565110551720455
3.330462831316856
-6.2558232203510356
-4.53985731912525
9.836130060738755
2.630823178707715
-6.127611013706725
-5.260697369904253
9.919571351348182
2.673078626310334
-5.7372418689922995
-5.67701584214137
10.5553082182229
2.665020379624881
9.61373085613915
3.4520236825640978
-6.230849014414159
-5.340086645409051
9.953957281324119
2.397909864513718
9.693380385155855
2.2161338685788627
-5.844821445990106
-4.551775178203789
-4.794113488705324
-5.667053411451332
10.643439778370874
3.6931818080283847
8.958599422558333
2.702409203528606
9.301821002343418
3.334261459762577
-6.61602886907128
-5.076348087940627
10.056751344149632
3.729307820948736
-6.461451594266854
-5.251432965680529
-6.023505623571531
-5.505150059248748
-6.009810592265692
-4.878104427325095
-5.137646752906443
-5.25986198863591
9.900303535498391
2.690596820370021
10.272649007125644
2.1505049066489113
-6.571733296431372
-4.651940777800096
9.380130956438324
3.1424700041772233
-6.711927896807241
-4.43268109574696
10.127902043282175
2.3200220920001953
-5.858728120649861
-4.8576694854538625
-5.901784451948926
-4.7329354685367635
10.57892425564451
2.787098521087337
9.1145587891248
3.5885098659686987
-6.325578971385826
-4.983105309314401
-6.024264690361098
-5.554414453666087
9.802318867130616
2.8701033900402386
10.334791132687208
1.3253776189617406
10.814676614214262
3.544477337644514
10.148417100242858
2.651279243598683
-7.632503885231151
-4.966694106368414
-6.168933159243398
-5.253048831487075
-5.404828755149266
-4.983324416531926
-6.016102282202478
-5.606294031634504
-5.38154261923737
-5.914459746078377
-6.2062985666051524
-5.482180825545466
-5.474434358331685
-4.620380711666989
10.543406254463
3.1287169061642524
-6.18182099694303
-4.264247175148342
-6.499594427195818
-5.128219005874369
10.891681859922185
2.8282099013601667
9.940474981838248
3.50545347363338
-5.615268004880749
-4.725265943851546
-6.670305535570811
-4.54481927781287
-5.692341242343221
-6.2052095416305715
10.28205001188183
3.4763332244556087
10.754757640589247
3.2154834445046587
-6.465688749675658
-5.41461256650748
-6.580505952251388
-5.1376695770752026
-5.8875252604327235
-4.420932869003115
-5.3358804134056905
-3.691341441919428
-6.324633136281239
-4.682135201214495
-5.93233808151523
-5.185766790893059
9.688520111433931
3.2525343195643766
11.04557603845126
2.718864250152212
8.595471267360292
2.1648628581110367
-6.060037913712757
-4.425984260285113
-5.565596200414564
-4.782423207957258
9.701678277775695
1.91470088482215
10.758534825292621
3.379828289078392
-5.8652442455373475
-5.10790470013135
11.171734275810556
3.264697523259563
9.789778949633387
2.5888612765549963
11.06806381216868
3.007235042317866
-5.516581002083207
-4.7221071912051285
10.375728545976207
2.973974047409541
9.52716640229801
3.098035723392145
-6.200700378730789
-4.778839376896881
-5.867364336111121
-5.140011203353927
9.314723729964232
3.63006343367073
9.639078661103166
3.2871267599378604
-7.182661159355289
-4.830604700159954
-6.3635097000572
-4.545296239670915
-5.261029942277502
-4.81525961887647
9.821290011582077
4.438056428477978
-4.710218299497815
-4.165578743379847
-6.190617127301842
-5.429977193108041
-7.336342410466249
-5.409996741740766
-6.2738810367096205
-5.149044800501146
10.463004641829492
2.105079083220013
10.01766281486176
2.3551272597631128
-5.812649777059502
-5.306407178735121
9.463485923129554
3.8566315708604355
10.890401082759325
4.217908767358052
-5.555009653392601
-4.94388500715403
-5.240560418840712
-5.160564526988959
-5.434493568364066
-4.372095515909899
10.381433575198189
2.718782201173689
10.260896787665862
2.164386742588543
10.729972624548843
3.990297958323098
-5.588308536844199
-4.718024683892786
10.983330119246817
2.237152854031683
10.364352495101276
2.8443958982700797
9.946568401497295
3.202297938505181
9.828545277062936
3.8742432433136367
-5.831804705854983
-4.8992364262884145
9.879284592116132
2.383854822454788
9.318629146588043
3.349623715286336
-5.168074201431481
-4.349915978039554
10.20518152234351
3.032534955370365
-7.16733781636342
-4.656682227931546
8.910385512514669
2.9497966861989493
9.852687699955796
2.1682325673668785
9.903853181305534
2.998095455772312
-6.481735491405961
-5.114056477121261
-5.958959552792617
-4.781914905209703
-6.510252937404559
-5.3233645286507905
-6.233528444683151
-5.122781000317496
9.147696840979885
3.727291492897298
10.650663997793878
2.4695504292321084
-6.596201531604736
-4.340901009338286
10.061364397012653
3.2362404840129178
9.799921600918955
2.5196407922822597
9.159063305902448
3.1422594209833035
-6.23763777299187
-5.31377734809734
10.832870642156408
2.783294346771404
9.526744767216261
4.207460932516424
10.711819828053244
2.316753438302599
-5.548078383006006
-5.57224133552471
10.001463554395185
3.5542831020093457
-5.571467544023505
-5.089681993857474
-6.100363701052615
-5.6111302563693615
-6.338256568598826
-4.300438636018474
-5.917797887022294
-5.69490083996475
-6.165651525341735
-5.230569506580746
9.497588247277788
2.7775627336977613
-5.753582718167896
-4.467097485863272
10.852908340410469
2.863073051622093
8.728830627733675
2.5732943634049548
-6.252687899809869
-5.448414289834131
-5.950681822899391
-4.6215511653508115
9.652857432411626
2.3449091210002884
-6.2200524006623805
-3.685801346634962
-5.695865078483239
-4.518134845778375
10.260720239793784
2.7749355559496323
10.652692499662907
2.646573249357563
-5.9109179634077
-4.35182872404681
9.694044953872133
3.1996163923293612
-6.420276697191898
-5.269837294995023
9.916089623557369
2.7765936653710424
-6.028875083383812
-5.473467041172461
10.885661093942058
2.489028175654813
-6.128239358427655
-4.703051342557945
-6.180100622737281
-5.402041354180867
9.903212934885433
2.7328997662143117
10.004545696333677
2.7656034731060526
-5.9713577733497285
-5.2421823444799545
-6.19358928706214
-5.250895670111371
9.591632886118486
2.9735093737680067
9.76582467428809
3.2080321694855
9.348191315751075
3.372113625128973
-6.0422857023369785
-4.936611850613089
-5.05158450073121
-4.595914510165725
9.570595505447358
2.9944442963216433
10.055445350672578
2.498108176689249
-6.113368685166018
-4.3078508610732
9.743199987798032
3.5171715201591893
10.82732791201451
3.222821516727049
10.661021671297322
2.8567081934207184
-5.33590302741017
-5.389040818884238
9.52837332472897
2.837953544152106
10.085754900428265
2.875198588171793
9.6151545447964
3.6043331627530737
-6.78674072519101
-5.101755889319037
9.691690587124388
3.0203489037341935
-5.515864207740789
-4.266985397286628
9.939572238006892
3.876755115924214
10.298155256791066
2.623024156488067
10.266828696217994
2.1662757572879268
-5.370267171720554
-4.0445361201318555
-5.978680234496086
-4.614918864295883
-5.5294595095028365
-5.024908418425759
-5.3215660904666775
-4.973967143149253
-5.4617035412930734
-4.868600451868406
-5.865653601349977
-5.35470957212331
-5.793530777275687
-4.726887235605884
9.608544762773091
2.414419356908552
-6.857850275192935
-4.39409243692727
-5.467579014460564
-5.619842418936818
10.071289638437575
2.2102427863878047
-6.869064560035179
-5.520147080927673
-5.981383791048193
-4.6938062020889655
-6.000836384603302
-4.887335792678313
9.389924259029241
3.3334156801503694
-5.516434687958437
-4.670263463111899
-5.866851853464806
-5.276648484834713
-6.082942959697992
-4.69476632656418
10.349643402191138
2.02614736214395
-5.9137429599851945
-3.488673556566871
9.888162383179116
3.092202342135507
10.478961310557517
3.725175072375964
-6.358408676000963
-5.608755218405989
-5.704041849403052
-5.505956149347455
9.687013156331915
3.0998325231949355
10.288238634194135
2.546299915808368
-5.880987255668273
-4.487974727791645
9.875308578333154
3.648065973472206
10.161086051321146
2.862709386800839
9.696814898073429
3.771641614668259
10.753640681132822
3.486558606507827
10.086833206627814
3.2727348549358024
-5.874297933725371
-4.918469389296232
-5.999697132166307
-4.955190819143119
-6.500464337468606
-4.779316684657587
9.58393233261636
3.5903918051431125
-5.8593407568470655
-5.508252073216599
-5.1933975041611005
-4.548794934189269
9.501212806108079
2.634912448430261
10.208364270891908
3.084352381527954
9.812211825086996
2.6428949420649115
10.071056303555373
3.311305180567685
10.085450642385883
2.405725317514645
-6.512893562071519
-5.334290659607151
9.205204114026412
2.3295368924228974
10.154177474307
2.91268778510118
9.025338196627766
3.390581607687535
9.270024562285895
3.5373723012377445
10.086837680565356
3.278521546568892
-6.63966613620666
-4.202927779311645
-5.890197735202746
-5.228719202328699
-6.795838613215155
-5.407189267574024
9.67666880699844
3.263448252014528
-6.072217334625793
-5.168111017197267
-5.508979477480299
-5.428794023870847
-6.1880192186856195
-5.601193615283505
-6.091810267146369
-4.558945162987759
-5.7264565297940555
-4.798315403169683
-6.545700006786145
-5.703542055391132
10.612528987367002
3.186964061700272
-6.188630079628213
-5.307351987234382
-5.219885721211293
-5.539756145448622
-5.742059980287413
-5.032057293641008
9.629335611490468
2.3160461906606193
10.133843487223379
3.1265904356390943
-5.48766957092636
-5.254324425338896
9.71653910075947
3.089002915487254
-6.287431530655312
-5.529668460298849
9.688626046760202
3.067960181575727
-5.047763698139572
-4.892407209188818
-6.2837144380954735
-3.828147603830275
-6.515667111073851
-4.3949648086177
9.94323083826131
2.064611569694239
-6.734437758585848
-4.963558555245286
-5.323620177449878
-5.743075645604929
10.030315925281686
3.5334109209895526
9.473501201422664
2.7531221673487254
-5.704420086831824
-5.729955384417006
10.860156239167823
1.826521699914049
9.998651603909384
2.3682314688444035
9.854390822166362
3.027467321035198
9.830120811448703
3.7668400443764614
9.887425449276618
2.473826918229178
10.16227852422836
3.6553181263446493
10.284867667492307
3.128208954963595
-5.6274967815347
-4.400398477291321
9.081184504351464
2.2224047361370576
9.781632329184665
1.8997084283966195
9.740235672570863
4.042979469161244
9.709337765178564
3.0610070169287447
-6.716773952948252
-6.229446175467554
10.220095783376987
3.1670792612534195
-6.981926371421525
-5.342982427609376
-6.3095252366549195
-4.412766998774223
9.004352072277984
3.5772277502885124
10.162701121055552
2.7112444122028436
-7.308723478335185
-5.17382368490113
-6.433627486282997
-5.254954973968416
9.871688422571857
3.3848360277852194
10.693467946968767
2.420825842396926
9.376299748586447
3.302527899003393
-5.316999253011367
-4.938245372894597
10.969363295330634
3.7711971774036286
9.968657102286343
2.8860994833918556
10.008548518394319
2.1751660482828705
10.306066266236435
3.815983678269908
9.754132877862153
3.2234401179997625
10.062043961677821
2.741234174303201
-5.807782096145887
-4.434431372837835
-5.646513309282434
-4.746761007039927
9.570807465538495
2.839194205092104
9.913383892859779
3.5602769608963736
-5.348575270884365
-5.108189980032807
10.28309004691791
2.5707516541264175
-6.496898675703853
-5.303826443889844
10.374906233585984
3.570432900480291
-5.129293083752053
-5.5186400301977825
-5.728953009870407
-4.715704181576609
8.465902205220207
2.4259598876100315
-6.412637808890081
-5.353085889520225
10.212791467364678
2.3728721551373857
-5.269843042250709
-4.8791992910917825
-6.225730902471868
-4.870903054075478
9.829904599079317
3.2897023066014097
-6.266996598418523
-5.2864966209963
10.37914068190021
3.997162145766654
10.764359099119869
2.7632086874401285
9.593704075409173
3.649785501074111
9.594103671911723
2.6859125013784535
9.86667108248448
3.2955964732679295
-5.719367175359633
-4.989359521499763
9.301079382848961
3.4626493700725716
9.793988953832217
3.3925269424100435
9.798292938905714
3.0626317759151362
9.566285005053762
3.0057405970705533
-6.210533327443166
-5.057713633003621
9.390232811225822
3.221568672253252
-6.210667518233151
-4.621734899605004
-5.973014602393504
-4.011413423861835
-5.220162261827877
-4.464506721245324
9.798846419599364
2.5117988111224228
-4.826313092551115
-5.200838540482986
-6.19995738092581
-5.34918625217766
-5.451873414564674
-4.646789019913356
-5.503865981086024
-5.062063083019947
-6.324263885636275
-4.791312497686333
-5.984614116686647
-5.777960978030602
-5.8661365825262735
-4.898180299445897
8.599042580431302
2.949158215403471
-6.120388311401377
-5.687561819128549
-6.2209081793441765
-5.004027248086971
9.551800315335914
2.8706441923348023
9.618229996209136
3.0773936961517805
-5.37454454618269
-5.518055533660306
9.971195859878582
3.1620311787912145
-5.804629275474952
-5.472488586667885
-6.329066616886208
-5.454582473613009
-6.334418095756612
-4.028227258169017
11.126825837361892
2.2083275871238897
10.819237556971162
4.044357555608427
-6.047610489752926
-5.465152998626987
-6.504579967974467
-5.203156864361263
-5.7544784372904045
-5.74691990111527
-5.622998899363415
-4.76132385042996
9.953544531439203
2.6155372912105443
9.63198392593351
3.479604655818405
-6.477218902668977
-4.5627665488938325
-5.947800273147962
-4.518799034007693
9.425481571472524
2.3848289779599883
-6.1050688616502
-4.685211249169703
-5.643168240255527
-5.2351314159969995
-6.183153278131253
-4.75165621873581
-6.020119034134903
-4.70653826835279
-5.141669508498646
-5.234522171141862
-6.673706267104777
-4.5609451456512105
-5.428487504020644
-5.3716576511985865
9.64013002961023
2.438578515194533
-5.4816283877624095
-5.0648042581711055
10.250211249509634
2.7655670185445183
-5.1842286779244064
-3.845799221782075
9.067786493207526
3.4133555911019995
-5.380642316438709
-4.865890725445716
10.6828778694958
2.9324894024954395
10.387461354308579
2.657408587387987
-5.2045290605234165
-5.310108306889316
-5.862625020109656
-4.386915578090248
-6.25088621757115
-4.516229131130105
10.894499073895322
3.645628756486616
9.921738434136731
3.4283149997894373
-5.654050079055666
-4.554447895830089
10.22707981211624
2.7518190957947235
-5.361403906139552
-4.759455690024099
9.705166681698204
3.7706159274730355
10.335408013519487
3.6317689662625945
-5.900328230793349
-4.983262274840867
-5.72663209275594
-4.566239675604418
10.992499266611091
2.9165775732441763
9.942524061194131
3.1554023904424526
-5.8113693800316115
-4.7504820861451895
9.90973954108526
3.1155610342551157
10.439107976003916
2.6398166089057273
9.001013426118043
2.8685321381256936
10.353089680250145
4.399763221197251
-5.885921470222703
-5.514063600264944
-5.562556025943181
-5.349911490996703
10.009922449586993
2.952131279818129
-6.023654677132758
-5.089080209090133
9.478988244263197
2.7216432032695197
10.024202796994485
2.876838096602556
-5.736121594857145
-5.244742169151508
9.76645040660985
3.5337698133248927
10.34252171959811
3.369121941899797
-5.9834520118485255
-5.250836569292852
9.8431734024742
2.807774343593941
-5.784717765763613
-4.204969108442133
10.286469942202197
2.4514503889287518
-6.081976037043921
-5.135279319561201
10.27847107812587
2.6596170237600636
-6.55201731383697
-4.686223456314913
-5.670176855075134
-5.42769716935374
-6.167895740309136
-5.168751317530471
-6.428288315388864
-5.349803671256449
10.01289474582147
2.618376872487708
10.434531450427158
2.8075516518609005
-5.986743116177051
-5.665572928053034
-6.436754170448821
-5.243829490123194
9.240956016575579
3.074119288403934
-7.267102133760105
-4.727102025448638
-5.801121705931612
-4.784414707362921
-5.626720241163188
-5.520747492871742
-5.853175684669803
-4.702968870661812
-6.124958681747754
-4.0876725336602915
10.53694549560607
2.876389793412548
10.064940611826676
2.7379181714529635
-6.015618922605088
-5.440265395963242
10.997812195316293
3.0852404076153546
-5.8800451224236685
-5.117385386333486
-5.602141426870151
-4.7506331537518465
-5.593393043286627
-4.418886423376885
10.197557004607635
3.8350375964007135
10.721557238999575
3.6737398560188548
-5.841939442043537
-4.442354201396739
-5.884671064580642
-5.392752210725142
10.031402391096892
3.2356444844001233
9.586170263901852
3.4948298671649467
-6.372704737036711
-5.2488493593181085
10.124094625734438
2.9411211443991387
10.265610885029316
3.3947453278038378
9.283878926228194
2.7151167943117267
10.639177821485598
2.686438997810771
10.515166646418326
3.8765499691084973
11.312734035987686
2.447415430417832
-6.065128757288251
-4.598448120090988
10.103777310291498
2.6802825530403336
-6.364931404028102
-5.073703848781013
-5.925712506287621
-5.446396376481288
9.613254396872044
2.963344394147074
-6.219265182644859
-4.259228317571438
10.002887266680757
3.2027569230278905
9.817269675797869
4.0425973205607
9.240656424863323
3.7045463776907672
-5.792115957652973
-4.973371248785622
9.955530663953995
2.0214010456115417
10.039027673704766
2.7722288831769974
-5.828892162776954
-4.680298062499212
-5.582442105101072
-4.936317126386769
-4.937268321990824
-4.7564704639488875
10.352320670463747
2.260643163179755
-6.642374505494272
-6.065794028559289
-6.308575145904639
-6.052205841430695
-6.474268280831197
-4.328104379524526
9.688523250543314
3.257021931839353
-5.107793452493648
-4.700388639720411
9.480795323680898
3.5568002129008462
10.147050199507008
2.946018687914529
9.741727156383966
2.6018902045046803
-7.077590966699884
-5.383672782817712
9.17223060437958
2.9365734382073065
10.461823105783578
2.5575813467666446
10.231794490942756
2.708330966963564
-6.0915793294175895
-5.472227024177847
9.472984474057666
1.9202154289541205
-5.80269543479138
-4.476105441160245
9.204152999501613
2.8870712273329584
9.879683822685783
3.0268414851059293
-6.5819603848453045
-4.994493263928002
10.28401535271545
3.1771113636470965
10.376605672228637
3.4947503128985797
-5.741076098705716
-4.659662036794887
-6.243710325721468
-5.133509307569022
-6.231978811847532
-4.669959755574683
10.194161462211714
3.245969804156775
-5.629764496357163
-4.661547600439165
10.161756460294907
3.1520547919169677
-6.104231965844488
-4.777691310776659
-5.379544420458104
-5.8404335910759215
-5.762629976136048
-4.98683293664363
9.162993096677631
2.8640541482582513
9.832128521366256
3.501046843269717
9.841606178382026
3.1445946864182788
-6.752604165668742
-4.854246002599985
-7.0593631634601355
-3.4753614498756975
10.678146396802578
2.980038527183177
-5.137750659234318
-5.675248527376619
10.940341225402396
3.277533473198079
-6.144404130747182
-5.228386492305187
-5.551984782156742
-4.934457114543865
-6.736868321370187
-4.621017279545211
-6.352915986542529
-5.387051307360169
-6.560203337742364
-5.810433468980667
10.587321178245585
2.75525665300204
-5.6183002139239715
-5.358219499010974
10.122496800604095
2.7628720150587034
9.807452860875923
4.0888840655835885
-6.367984861821658
-5.663083764143214
-6.655990830583814
-5.0525587814433015
-6.032779460235222
-5.44674904184295
-5.949129593913549
-4.198032305780793
-5.629415534578247
-4.827991923690266
-6.579074227422969
-4.39676288013301
9.47342037324718
2.608517938033809
10.067973590344094
1.9777048258958407
-6.079921067672921
-4.46008089176375
-5.8644487692204725
-4.290696895454281
-4.90122445831315
-5.9153070253557
-6.041264562134969
-5.121643499557881
-5.139005190055327
-4.851924323077718
9.362089909672276
3.150388052662692
8.76794142665439
1.7136775998876501
-5.089256214145826
-4.570143569009409
10.3544194731538
1.9116295495575781
9.717372621076866
2.4171752997752325
-5.7671388506839865
-4.902189660567674
-5.822859765567267
-5.475363557703815
9.637200799528735
3.9912483736093742
11.037090924218656
2.1474190543056273
9.753261979642986
3.9040415952518988
9.31917981571313
3.0123603394089637
-6.008840980972543
-5.3358258601190975
9.859762619986132
3.9157390076635297
-5.950477203516695
-5.12544629066476
10.190252684978775
2.6369649119608036
-6.416570070781828
-4.140058429282437
-6.297306556110804
-4.469695197811226
-5.050325188185007
-5.947924511571973
10.805852458296426
2.930727390942386
-5.730634926332184
-4.664791673250598
10.673050856261547
2.7876226752094873
-5.855211274655135
-5.924571843794146
9.051818274534028
2.651418481408318
10.811091948722634
2.8870568626569453
-5.339149274523297
-5.307559140987949
9.949395420800496
3.3171110247622924
10.19409837188415
3.5822114936899805
-6.234628508558063
-4.589722969706152
10.62081019106617
2.702061716698251
9.951800671502914
2.543647146101962
10.818847896024353
3.092697559261887
-5.844609632632204
-4.447141360042233
-6.00491273224138
-5.152028547234457
-5.904118989992545
-4.756947268365842
9.797474631747976
3.66466198958333
-6.842087311502082
-5.753731175717348
-5.566741168148226
-4.962764598204057
9.506665909653842
2.5175194928400333
-6.322371190870341
-5.502306771107137
-6.851107421384602
-5.8601632262480505
-5.279526598520724
-5.206505439023668
9.11598165914192
2.870861567709363
9.500228887459965
3.104801969305194
-6.029127837999258
-5.4183667192985165
9.659846443324895
3.174174174027696
-5.302937071975467
-5.095512822128466
-6.058100261493428
-4.475344835511611
-6.22655888192408
-5.5336663027133834
9.669764769820418
2.4140963705826475
10.058296224469016
3.004721953667473
9.36037396513961
2.212129514552869
-6.156719863498505
-5.804274382538339
-6.298344473708081
-5.3492984835778525
10.074063472754066
4.058242397966485
9.371278353247463
2.91775023240629
8.882865338239238
3.2719092806876406
-5.816376104823068
-5.249436490405216
10.3262645864727
3.971225416071384
10.23284533505769
2.4052059887707653
-5.542655163902949
-5.202385159591083
10.809253217965214
2.809887770563417
10.556720568626806
3.004952841562637
-5.390320100836398
-4.2700428398045895
10.54709254832924
2.9001083534066425
-6.266297743871942
-4.57478197696227
9.103280162357512
2.324530534368621
-5.833433694631154
-4.178443963557885
9.412918057490774
3.1094683731970263
-6.0141282209368825
-5.0755680533413425
-5.537220000874972
-4.174973205731794
10.712760223989388
3.338526476332124
-5.791414182013422
-5.401049432621132
-6.083000436667402
-5.525954349354949
10.839147424469873
2.53950830393056
9.99678605106445
3.8213715849028316
-6.605570262194643
-5.175563579644587
11.329486142454817
3.3757254345712306
10.52289512944041
3.200111116288241
9.942489975802905
1.9790333314030246
9.90496249291102
3.2517782696741335
-6.290477285606174
-6.242013293150483
-6.320061553332592
-5.262942769459648
10.504604938116422
2.9050178099689408
-5.707670076658666
-5.311567988253825
9.6343440667838
2.8610622028523522
-6.350415577495193
-4.386223211532086
-5.171657021810867
-5.31489989557513
-6.209311103978432
-5.642865720853237
9.903342342797293
3.32936190490559
10.0613522937624
2.840905009871312
10.238510633751778
2.482747854460759
-6.084901016909561
-4.691860300146606
-5.384118822658351
-5.994690009542259
9.348169349040624
3.085988488620455
9.06656431775771
2.569730276856728
10.199263704765306
3.14843378345119
-6.631512231767732
-5.0772295117700965
10.532472335267494
3.4687529998588227
-5.7028437922197766
-5.6070154362876385
-6.496320122148871
-4.841538950006704
10.138314235448403
3.140139402886602
-5.482754008071362
-4.392827696109596
-5.912376970870498
-4.789903431344435
-4.8883907541113905
-6.021749350067563
9.596029433554873
2.5050003304587323
-6.003217398708478
-4.90086836216536
-6.126218981718842
-4.94941607551387
10.17830786178138
3.474959560457134
9.955350062152862
2.3621295835421425
-5.897883706954574
-4.599029246267811
9.627527145480547
2.8825010714067045
-6.289639751754761
-4.833017815407219
9.632678729696444
2.960960229398573
10.397190518432966
2.9108255558454057
10.866339107232864
3.214574163757747
-6.003270614362208
-4.266327093018074
9.82791662403136
2.8907266714309756
-5.2573080935844
-5.1217850568791174
-5.685851941907932
-4.637473878704968
9.450419867824769
3.36595638418339
10.860458998567918
2.27873185150885
-6.471829627112239
-5.252915566273948
-6.260192656982565
-4.8883091951381346
9.64470938315896
3.31601416353489
-5.803161092169464
-6.0222982948082215
-5.641273673942335
-4.31209280963156
