4.066364267005351
3.473055395713959
4.442331233303512
4.104841615415394
2.58736443329012
3.0574170506256007
3.324803707959224
3.42081984770938
3.66709650387192
2.9346416319784
2.679625775290013
2.7380672370858314
2.5845638414209655
2.9726030568091164
3.0089737799777003
4.124568812295772
3.352960820567449
3.5511048707164785
6.901584728620873
5.4158882628489415
4.931280385179399
6.568023370390597
2.955218962406262
2.482195774635162
2.648671185043205
2.750818554691682
2.7601866187293314
3.447430521935979
3.6333129795651122
3.5903633569883966
2.693076000310325
2.517655437447665
2.4180688183068155
2.551055917058108
3.9074664366122125
3.1404334293037697
3.3639607339810245
3.8422424691751313
3.7527013128122984
2.4898494099206316
2.5739373071570877
2.9765299661284566
2.634473945018541
3.2249937288799044
2.906517885730407
3.363689644647765
4.098922448692338
4.122970795783785
4.071023279183469
3.244153830008601
2.6409133742769932
3.3273861956559325
2.706655154496876
2.685310228242323
2.7387549195191467
2.892633588614138
3.0613109242185534
3.105993871625451
3.256511893116435
4.10345232406442
3.3688976132033908
4.045439709537726
2.545238401100153
3.1141247469268625
2.9556243409576224
3.213260422375599
3.187354089522098
4.0947248918883465
4.132566311240745
3.738138134219929
3.2681337580281262
2.5900157920510964
3.035759099903323
3.2657820063052907
3.3026768342959576
3.5957448743191005
4.018646532965765
3.6909914289278176
3.3955821964430264
2.9797853282452467
3.0530819479925833
2.680771128821223
2.508185114808255
3.0820518804973074
2.6303393013106358
2.597854846066684
2.738556094787423
2.6483219269115863
3.392395409406555
2.90910974580206
3.0514309190143853
3.3403827513083155
2.4448117061090238
4.250906856610191
3.4774961834313216
3.777566288144468
4.739597572438229
3.3827711819481774
3.9111823755443345
3.390657712467709
3.5650324933145634
3.079573059481113
2.853007449393905
2.691702990785924
2.7749255939954196
2.5809584307154902
3.443099142831635
2.778154500720757
3.13829829959848
4.752466961092603
4.592029621761494
3.3521239257211914
3.0736683725774725
3.5775457537160404
3.022568145953069
3.0013433138000516
3.6541358233863077
2.9300912676771476
2.882967424610064
3.054837837555417
2.7968540985755395
2.7031135465314002
2.560382472970754
2.8477899253878216
2.8369965996640416
3.6083955043682163
4.037044858761957
5.020289944223453
3.824969123102171
3.7653130048293963
2.889447312342389
3.106500634961792
3.7820474151400356
3.455503891905835
2.9371595898616056
4.864029608903582
3.4259903894275463
3.5390909826804084
4.3041934252794904
3.097615434748168
3.4506922552050256
4.475036494329257
2.374255264050671
2.8753948232137088
2.8929936341204443
2.483484145812737
2.310413201843249
3.670589950083183
3.086492032748639
2.387405340062464
2.7519694989334864
2.726694904280744
3.2177574251982515
3.0785878813610488
3.4095625882645493
3.6699250641674905
3.3312822756551
3.0508565035417003
3.320968750865577
3.5591387302239457
4.273215869681206
3.937514316251959
5.0121955810278465
2.9090541767017184
2.3438150011596184
2.110613799578476
2.9089848972098853
3.003749217683755
4.311642695027473
3.9174097387799605
3.3237934634227537
3.9587205534206764
2.944900965177552
2.890642147128865
3.2946296006519584
2.8853268132442067
3.34900515505537
4.127706857557424
3.711520676190087
4.2903078311547755
3.8756142470845885
4.221011332386837
3.318253434109794
4.382874800810164
4.343374878421049
3.6416004614524433
3.6860800307977217
4.6289996915221225
3.4118108805064056
4.013394167987253
4.26413006217153
3.5222189439309983
3.0168354214052964
3.0009644642161803
2.801285286525275
3.176691259940841
3.243224245351268
2.613643450065889
2.427878979795084
2.9230341641754216
3.0117142225027425
3.1090112260651104
6.437990457333428
6.631067021955921
6.826741299037842
7.070291776631052
3.8575969453135897
2.1483787906561718
2.4185504219572915
2.830115121881469
2.441589029908633
2.4429287290767876
2.540144314241121
2.3140582138045307
2.933952060770291
2.565169724102666
2.678331303282763
3.272191903418865
2.868427839245844
3.137480517806864
4.046671944444345
3.7300200542870248
4.468514087926483
3.0160516614350796
2.310216886319568
2.629350341136112
2.853842528942593
2.8977175062736897
2.9811080400769003
2.6324976418524573
3.294881822989779
2.8245308887987424
2.7119444967020496
2.7977450388084977
2.0109979412874504
2.2174111488020802
2.4731743852106054
2.366665279091555
3.1393325860753647
3.8257909067717604
3.3812515716623603
3.7052817346648625
4.5354264341773565
3.447939816997754
3.8264317422281793
4.310664152850117
3.125012766267008
5.295659538867328
4.828295336666172
4.326929089085047
3.9729757031293658
3.313402115952211
3.368702875143364
3.268355403614099
2.928010111495877
2.500800576993786
2.812852632526185
3.481920214135648
3.7653674294974606
3.391237053612916
2.674628141498198
2.239378398648084
2.4563075594743604
3.0967867341808515
3.1844343522671297
3.246818580248727
2.773329170829171
2.2212559242411585
3.1633893649508567
2.6567124750422733
2.775041532293636
4.554849431350672
3.4114549142487975
2.983548605596585
2.8748542522417235
3.0035285394222377
2.783164349424417
3.1587800468607914
2.746153978335697
2.797916397050252
2.886646761134742
2.789181730192591
3.621605463571858
3.1872227104377684
3.6156312608404373
3.4832641869560144
3.0781506003658774
2.929828916372769
2.974222129261885
2.9348508938557942
2.8780215984046733
2.8921452168463126
3.2848631649518323
2.567110105607842
2.4312230365662555
2.2245411580940346
2.8022966910335567
3.172178545654552
2.6475366286955158
3.448452369277065
2.557444121040158
2.811968901928664
2.6934683485066166
2.605240159466122
2.143188375941421
2.501959250217496
2.6778252732291317
3.0443970395988162
3.641375874703501
3.8412859337547776
5.467701981146729
4.326921339455894
4.3904105351593445
5.374854383165148
3.1251016350605836
2.315136125875786
3.042166090887698
2.6171596321517514
2.8095934856776426
2.491795965268729
2.8827639535529794
2.781037285540133
2.6426384503175284
2.876995593245858
2.729516702986373
2.7483519002170556
3.2152155593282647
2.9187976964787503
2.720928065215172
2.7870298439239014
4.410603331608789
4.081340065963103
4.557639728795468
4.419487737407369
3.221863586797848
3.780964975590722
3.1503378215856777
2.352570987110357
2.690982175722404
3.514946845642523
3.145353730739124
3.371045249728244
3.145626423269617
2.5662175521982453
2.2904571485336946
1.9217743169154125
2.2845436904810246
2.7345739135058733
3.600979423038234
3.7800263488218353
3.624560500146727
3.9257574654935636
3.2012968284549568
3.406635517017096
3.1641003018421823
3.95275102710246
3.0950548862694585
2.8439354117504907
3.5826438280554282
3.4142306147715704
2.929956278917006
2.7378616795880215
2.6527394679857905
2.368226639060539
2.7324566791966474
2.687619256196632
2.408022046861211
2.634094114485525
2.1029226846879707
3.083708057720708
3.029390895128438
3.1555683340218
3.042566001343661
2.515289953293704
2.3141571813442954
2.2835193717246174
2.7107123908782413
2.4810672428302762
2.6379191649282716
2.7669344379365453
2.595496331921451
2.6477040225729827
3.254758374742183
3.927695213274095
4.973182967257338
4.685497473032027
4.052342101171103
3.5629110925306575
3.150064155479815
3.4835842641200214
3.2300887408854537
2.8244136515042157
2.6751577792184413
2.511251081042664
2.7382851628795946
3.041996840407918
3.1338553237697977
2.956721354108437
2.765113189167262
2.573109493369691
2.8647021219312503
2.831273138922713
3.116811290149254
3.396643149369703
2.972156659137268
2.93597334656942
3.842873812055974
4.157673663787134
6.433145802533963
7.265034051616784
6.418559175079654
5.480011903446102
3.0853076573317044
3.127266827749861
2.956088579716467
3.284235288508869
2.7555506097120985
3.525806197574218
4.6157243828694305
3.5049232336782263
3.531893182558838
3.6130124457813553
3.170677351393524
3.8261406474526423
4.173511622056935
4.323300201466168
3.4022647117805316
3.307870275720903
4.07833671913058
4.40685938827043
4.032948260803525
3.5610810320099997
3.8660612534954466
4.756063533206987
3.5802588545609693
4.52859084737091
3.7556335164644654
3.3066489628296325
2.9607198557616785
4.09701303055894
4.278912379581569
4.875622493119043
3.9600640439483006
3.128981407859517
3.851013889250084
2.1796570182147534
1.9850320067440834
2.4991867418386806
3.1990320012590168
4.4199211052852885
3.2628367145401955
2.832657998164486
6.519712808793901
5.9918708161886824
5.106868371865655
6.056237381665953
4.434579732694704
3.697836631706488
3.8909315069215737
2.484229254666851
3.4278424427746006
5.108465730627302
4.906974839776367
4.930900685063729
4.920621558631427
3.020697048222648
3.300328764892506
4.014545435755849
3.698481067011869
3.476120934632441
3.554986656723869
3.361216091492204
4.4615962000962
2.744554813491256
2.9031120885703734
3.096564095366025
3.5076488814780378
2.924799075135214
3.317760095121624
4.155328997284372
3.9420561652313975
3.9563332179565793
3.0996624251762808
2.652412855642183
2.552201035834238
2.231857835930265
2.9018191971377005
3.491554292544681
3.0155022081435057
3.8628416571977846
2.7494013040511147
3.0623060562728543
2.3360885093061334
3.001347481450378
3.8989846234679493
4.071102486394248
4.453696568517197
5.33642526860264
3.2640651385454835
3.44165528671146
2.7941532430758276
3.26168507852991
2.596710994067566
3.0530211847084003
3.017410675667908
3.380229096035271
3.3234493076189495
3.3835983679662798
3.1010994294047776
2.8298323571401425
3.014639308165615
3.558801765569899
3.718913961038961
3.207774906054933
2.614472440013714
2.510654256364969
2.834917486341938
2.6767967350280055
2.3680375630611095
2.653810631937123
2.9225823406156155
3.5049133376886017
3.088090672432669
2.031615624649818
1.912142901672479
1.9447063108043041
2.131681806913919
2.125037072531646
2.94742360458885
2.498290603089754
3.358623642719913
2.9328923332411954
2.7299981408834837
2.870597682421604
2.4750129666953224
3.675648756501852
3.589974555716042
3.32644933653747
3.2349450510737325
2.8382757980574684
3.2127910259043926
2.698995438263745
3.3427435511029473
3.244522600427862
3.988785093353848
3.578214718051865
3.5264895510931287
4.093296929886642
3.440600223111036
2.9987213306895284
2.9509306457358555
2.5457546878721113
2.214679486932101
2.3826240965993164
2.711067166780903
3.474533194826431
3.7007278459500594
3.3420223372384315
4.565369963765425
3.196216385592786
3.306166641067179
3.2862252033121977
2.610800586504256
2.6256316146429186
2.544213408920113
2.7813919497916175
3.015781614604963
3.8098654038479998
4.160031061205271
4.245779416801232
3.3244162923488862
3.6046998772495327
2.7288534753412454
2.0130794503433758
2.44403407257719
2.603030036009617
2.652561992149921
6.051815885503386
5.102922787602035
3.0944997970230923
2.7722363403086634
2.115606784042865
2.572582278823501
2.9604052402873746
3.248119409083797
2.919226123781459
2.6198115872399965
2.7247614062779064
3.6124361757523524
2.944049361656335
2.339881308418249
3.0378807789145936
2.7363956960121936
3.5505993141282057
3.391872636941603
2.909358867453179
3.4288407183422476
3.1345451850454094
3.3345609870030173
3.55944049551685
2.7756418984833147
2.5143507774259395
2.7421616603383763
2.6482904449681506
2.5757015049476006
2.9391240338641946
3.342322386275025
3.456650419519068
2.8387985092087185
3.298067106938623
2.8787566604534596
2.8253855974119735
2.3980682067274914
2.356965119655681
2.9221159773183194
2.8357677362424702
3.062909120412206
3.3355834707266006
3.5935064046196485
4.1224298211708925
3.6737985264110393
3.457984562652622
3.499460716885724
3.6040496458210654
3.1454981490136515
4.030004420268426
3.3752767242022412
4.054532323879445
4.147482897486836
2.5574560712054493
2.811657257372916
3.2227207253295296
2.832348962221196
3.0128387226715394
2.695459768092473
3.3928321214008155
3.8872392238687996
4.802836794612908
4.859937136457828
6.13269271939361
3.7307485880875877
3.9121259207780974
3.2945706350774016
3.762897412370238
4.449723914666893
3.920064599150207
4.086845082499
2.7789308906794408
3.120635345138028
4.865983985095677
3.966066447103662
4.2339486390647965
5.147708277728955
2.5117004718402005
3.211892307927634
3.1162533966307797
2.4480462086135826
2.55032361166545
2.6935142640671073
2.833141140478627
2.553613865038465
2.8688202709245263
3.2804201035389644
3.2892738263796764
3.2155113388837138
4.165706392705355
3.7593061922924704
3.132960069568412
3.6320312714865643
2.2450822011070173
2.702294292518114
2.247613205629959
2.972652173712301
3.7238287161200843
3.4913648281323746
4.223013674817377
3.176858260721505
2.218190350034038
2.3724820076724678
2.5678552429516883
2.5995141298071345
2.610055363639644
1.9099771091272977
2.4180799340342976
2.415223728769321
2.701668942934503
2.806984593218398
3.2940047818044036
4.166694088262687
3.389822339705412
2.863004443084595
2.6819354398811517
2.538363478261499
2.68697778324272
2.623824967734316
3.4608209872828404
2.8244193139284532
3.360349565468797
3.2497936768399542
2.337668893939702
2.9942784582196076
2.4051107384499737
2.3396645911677756
2.46548338067612
2.7899231750121363
5.20188888036129
5.320323223438934
6.160817562891919
5.42155490703688
4.750038035892537
2.5762292973459235
2.670934768803162
2.5263558910024018
2.436361580901738
2.7710590659269063
2.7683206762082198
2.4733823051234354
2.3739225513843047
2.544669613542281
2.1591071564150557
2.7931542275703185
3.6134685770582706
3.7131482044668243
3.2134953798743844
2.85465074705501
3.0939384341983276
3.1115193132901324
3.880704243607363
4.201586583880953
3.7104291730550427
3.0995171177858687
3.045476236849057
3.629365628806571
2.9305939630013076
3.872771457314723
3.547096199023761
3.2689143073972264
3.8271403776804176
2.5061592961893746
2.5273255984458642
3.255047820773905
3.1172796743879996
3.517019492170705
4.969032885860194
2.534529431653422
2.4775028295316868
2.8508413354736915
2.32346165964025
3.466435061286769
4.36557429214356
5.1528210775984356
4.0549067750569305
3.618476029932552
2.2890538428115774
2.1942970378814954
2.125166649186654
2.005646003092764
2.2008407450208405
2.361944440027454
2.19564569836863
2.7114497386770107
2.6023042181654628
2.838754371156698
2.6521294735193384
2.6283023740051794
2.492022348653845
2.566757650051843
2.7034973422694337
2.6917272083558843
2.425749114093724
2.9857475133415887
2.7681201298008364
2.6649445777862906
2.8028534679407335
3.54778983705978
4.154922179557062
3.387396875732445
4.102420227644437
2.828475483523458
2.882473445003989
2.5273468040115783
3.1394884730149046
4.439988743335252
3.143020808160794
3.2390847540718606
3.9035795875002943
3.1424756779029344
3.98939530587848
4.177312717036353
4.010121198246199
3.2083131141734085
2.521484369774895
2.3680126035351625
2.7566546758347696
3.0766256378665635
4.060874711545764
3.369531450430862
3.5808614650834265
4.434466616237018
4.803204904572551
4.686900577682068
5.460986411811262
2.1699056469923006
2.4252961255524625
2.8187665848289254
2.5265691784118527
3.7695495450010092
4.0687477248310095
4.424915298605867
3.804369243904058
3.780249307935209
2.6563476759776425
2.8887648709807183
2.9541075588924515
3.1945605172797844
3.815250955162439
4.20945138712425
5.623700714613185
4.0675750401770685
3.486449490945099
3.4445238158364373
2.8308752327237015
3.31441689006037
3.7791413485656085
3.716679478179808
4.285578662285775
3.6548030003044993
2.8658158735173074
2.5315451325156206
2.7801890094039647
3.0288818218679263
3.0840147938985205
2.661165185768474
2.7760831866703315
2.7790432010880766
2.698665941050609
2.719599819263381
2.5257160700447163
2.292426982635236
2.4461387269608394
2.448048726231428
2.609536374540055
2.6134248312568706
2.3812985926067274
2.8997042959853836
3.1293726811205476
2.7836576082586144
2.7334036572459413
4.6721625959609705
5.841806096681097
4.3747376308748525
6.389586816511849
4.729559407942201
4.007280953080423
3.6969942193327006
2.989695083081693
3.365098325553552
3.5714027272818374
3.1341098391552196
3.3705686798081484
4.402340507267658
3.575306507470289
3.176353017830294
4.104677478570383
2.8553950943991264
2.7398191494825586
2.684149965804009
2.851158820862862
3.2103518666088666
3.1633604886855142
3.3760015222738478
4.000311389612129
3.8680300115100987
3.724700470938732
3.6028197606790378
4.589239812333518
4.37115977982202
4.292265344351224
4.163592257708433
2.873244596925818
3.3737814946954603
4.108237743645379
6.094594685593913
4.653214827442188
5.628153481595997
4.783338358745677
3.4152407693510587
2.933619868180034
3.180417147469541
3.341701474351004
3.123374472341384
3.314482107311644
3.740692080920604
3.2744490447737165
4.367208499401612
4.157710926314738
3.455198562142798
4.129439714170972
3.9940768589263977
3.402978610499044
3.597444641171953
2.66401012817795
3.2226561909061786
3.1761692016105085
3.737517665254367
3.2404970743037382
2.990142935824066
2.5705815139900228
2.207797116377102
2.9119657200039235
3.47842506394291
3.6001740928256107
2.882901446712234
3.3729271994980534
3.4573711615436378
3.328062232516008
3.3077244694328067
2.1288691461128764
2.2145023833260034
2.732136542884398
2.6289077022385356
2.6496851286879384
2.9365877589186287
2.5397977802689606
3.080851915817799
3.0896273280093807
2.7107842862753917
3.9840015765697507
3.0890923972646447
4.133103672370987
3.8778209696052444
3.870016281348083
3.648715146620942
3.173041128540592
3.6455119777662173
2.7211294727355595
3.419265412764653
4.090995456816729
2.7833744222744174
3.16533131222865
3.2457054444784954
2.8489680937642596
2.9395289976117396
2.787111697438306
3.243056457639577
2.5911046800692854
3.1317700997442093
3.696710054094376
3.0382178786557845
3.5986028681480517
5.746746529188906
5.0056386384192555
4.13301901407883
5.632333513708514
4.229818867255528
3.210200210334475
3.8020026251237358
3.09296704942731
2.199322738162784
2.3016217398282914
2.6552944592258076
2.687354862469594
2.8531452746015473
2.648344003554314
2.753363713658835
2.7070567555349787
2.9646319849827067
2.9022028497934502
3.8933753300202945
3.6078539249084973
2.4937386203419436
2.9268957359711782
3.458028473212944
3.0496130752538733
3.035718444947982
2.7271485207694526
2.7208004956883203
3.1777993651285477
3.1386800863615383
3.4955707202998347
3.1360792030614872
2.221380228211544
2.4618194969435607
2.6493995699319974
2.778075111858555
2.1642880711015393
2.3077851639426576
2.4472891211270875
3.2651274697480517
3.1639571288605457
3.094938790420223
3.569163212324242
2.6469126805746326
2.84230135838315
3.727148979198832
3.150287985476288
3.639319793949728
3.626519548637042
2.675854438475467
2.9376028728533066
