-5.804318899072589
-5.36941289862111
10.655013184205323
3.4294136017357637
9.358923274894927
3.1396037693897956
10.053302279898825
3.0194534776264765
-5.965959238996629
-4.799810057391557
10.827946991916432
2.2639341135597557
-6.744580068832147
-5.001960930021587
10.176954838484678
2.9998063244331474
9.544188527443891
2.3336313893134424
9.901831046496994
2.680439893304745
9.866779330749821
2.527612602075683
-4.665363223849569
-5.00697811074832
-5.8983095022238725
-4.943495311928866
-6.174265161888442
-5.703192560045995
-5.841845251410511
-5.543206627991161
9.811770190537953
2.928926414021997
9.266426176312335
2.2320014046223617
-6.237341723899391
-4.65553159008484
-6.031879237732105
-4.784257066801242
-5.651576307115985
-5.449535346167867
10.387318333130427
2.9503359539818828
9.850698844059751
3.3639456099945333
10.098087407210357
3.5290418149867384
11.024748858445193
3.0856369791405034
-5.530763374630376
-4.8745811905050624
-5.729369453001873
-4.571490521796479
-6.3914368958703935
-5.423127956361443
10.435568541554296
2.3486222963129837
-6.197901838863125
-4.6176633126462425
10.463681437295627
3.6333680063057905
-6.863646564365581
-4.486962276389656
-5.93345530608122
-4.491215232969895
9.327219442224576
4.958659898467015
8.954367961792592
3.384744076284082
-6.5297615117225485
-4.8762044967425915
9.82844448970258
2.001174683861809
-6.266461587119383
-4.895260456117741
-6.253338613455608
-4.830229425091097
-6.314549818432395
-4.749454590037939
10.287638209388911
2.413476411088233
10.548697828526233
2.826453956667823
9.065925323336039
2.803768309291547
9.665998459064578
4.146934069908238
10.07154451894529
2.7189590761194378
-5.701128675362079
-4.9003459408550984
10.464086100259234
3.0249883070147274
9.982985667142712
2.7480091115476597
8.960063982542845
2.945921544365559
-5.448962928412356
-4.646698582252758
9.562277954418088
3.185677421280487
11.15962693377785
2.855114852498405
-6.091114318677558
-4.472322761762731
10.447139364224999
2.9607035791847
-6.917818480492873
-4.9001094571980905
-6.37966628674821
-5.296085761960579
10.069853086417625
3.2501654358134004
9.915148780751597
3.7209310606620023
-5.555241729620235
-5.54278822607561
9.841415575419456
3.6650960941931405
9.736893974658711
3.856583699762002
9.152140635135003
3.1797209048231245
-5.425558283238004
-4.60011272799121
-6.748502061919496
-4.3697724571389145
-6.217870876314503
-5.633971044345787
10.483345572171872
2.8689208375250335
-6.151462441645612
-4.57616525080018
9.655437208714755
1.8864961837680192
-6.061873347097804
-4.7388027465287825
-5.849678036634666
-5.192735446181044
-5.712546778360773
-4.66838825145078
-6.352514235008428
-5.256550672418445
10.4266103705735
2.5036232436592156
-5.352616342728906
-3.8428724930347746
9.725672183815105
2.6216415378619806
-5.746511585603194
-4.557790532202688
9.430939844820816
2.86045020603567
-5.998791154811143
-5.055829032185595
-6.7311463834252985
-4.375529513367878
10.283102688555193
2.908849869601855
-5.3085842572398905
-5.683591829541761
-7.356743169404224
-5.277702264828225
9.740938731095838
3.7809796807747427
-5.380912102281543
-5.185184258324435
10.341449105918795
2.9209645718768664
-5.801129786503522
-4.716657115825109
10.357258131444985
3.123923693836389
9.440250344097471
3.8046284578894634
9.459691469226218
2.1248688982350523
-5.649948262674675
-4.806997205641884
-5.5709485106474235
-4.942621282811763
-6.097844403968764
-5.316513456095837
9.659528789822906
2.2758422084674685
-6.256905506710369
-5.054673812114019
10.020746228574945
1.8625297670081382
9.746422925879033
2.8637817498885463
-6.77368908261416
-4.606550154948104
10.435098727192011
2.945556079989204
-5.663581535031784
-4.832937453135424
-5.811634740134934
-4.296415950959818
9.882500242286245
3.108970387795931
-6.390145603919185
-5.442139201556695
10.268223637400789
3.8491904278707825
-6.871264223551068
-5.735743595829395
-5.682242698533162
-5.215192655387192
10.102089359499828
2.453952283067569
-5.64468417935987
-4.917532329791877
10.195089323055754
3.529874768409393
-6.639121588656385
-5.3287710279732705
10.022001024696772
3.4174272294870245
-5.6297977684439555
-5.110332800753041
-6.47353250541537
-5.740851534980879
-5.503046901299326
-4.840755308430012
-5.8335180673862395
-3.785340653293745
9.639546013603377
2.8284808595570867
-6.504595292014565
-4.264350306837315
10.481395808101459
2.7272644623615165
-5.403177539856946
-4.98104222505756
-6.1122979322663635
-6.293850160777453
-5.809252344487289
-3.963155046784245
10.279044283692661
2.6667185005474914
9.984544400937773
3.394941141376538
10.509934768652673
3.0537667103805
-5.895825280813498
-5.026729828003478
9.574090411780583
2.8512841496491865
-5.950231184881409
-4.908346354278305
10.55086051571225
2.767929179050223
10.785254900822984
2.7245452666804626
-5.642720373156348
-3.9015613981718062
-5.901049336246708
-4.998373829989326
-5.626360071294144
-5.374583957733512
9.192404289178391
3.5016982966469827
-6.276403266675694
-4.158964564544744
9.347644912632365
2.4124051977203367
10.594124006868178
2.3190012170654675
-6.360759470745699
-5.268273886790161
10.46596964882924
3.8890433399624187
9.896994928078948
1.7047393362062992
-5.484881544883403
-5.478020578282341
9.94333797652463
3.571767267751743
-6.334539798765098
-4.7944955118562085
10.173773783573951
2.5080173431204766
10.034701440140665
2.4836184145515925
-6.36663018488473
-5.034383762806957
9.74412282942147
2.5409687987066043
-6.154529198617811
-4.578567429441795
-6.32973600072291
-4.92857625871484
-5.833453428930768
-4.235946717825401
10.033592128291131
2.6703442039395897
-5.747547635683761
-5.667773895047784
10.304230077149136
3.038903202311318
10.147794712966984
2.46580584681698
-5.791256063974805
-5.211251762625662
10.110038612713911
3.184250025576599
8.922905974226907
2.6883699723132874
-6.341922426908794
-5.960787067427327
9.403928564843017
3.329815856169132
-6.015445002446433
-4.926353384523381
-6.749178984248329
-4.880832668442478
-6.082531308690549
-4.447532014315962
9.460377800239995
3.2968687139528665
-5.846927116227952
-6.023157871182871
-6.542919416360198
-5.262441879132445
9.896616884537504
2.162046555959764
9.698344801056258
3.038065694654588
-5.5713178632082325
-5.21433284617986
10.046389410622558
4.1853606964582655
10.21586148143548
3.061348895516391
-5.96672487457613
-6.143894809279655
9.404227871835245
2.801875493273759
-5.706232085158626
-4.438558975547004
-5.5098296766718
-4.3186757525446495
9.596352262387002
2.512538867819945
9.943374904556151
1.7545954689643322
-6.089878557439807
-5.1324426519206
9.570118938995181
3.1360308511721082
10.30417247625088
3.5453752404806655
10.008172754687813
2.4370229146795213
-5.530524859265477
-4.771014767389497
-6.756186958767022
-4.819287651168319
-5.692861990324001
-5.171694485546977
10.302709856515236
2.6012682988076006
10.114339296839962
2.9305574409411825
-7.989467508994147
-5.3767216651696055
10.594421004642136
2.619727975887117
-5.831028500379286
-4.420998454389894
10.098123235949267
2.088179331261151
-5.9879062321116105
-5.090762778266325
10.935862805935525
2.97914763156269
-5.959153106415048
-5.612723417117992
10.47990335312003
2.7462373031399956
-4.992292877833624
-4.6761667323718905
-6.2366270438236695
-4.595385667096963
-6.174631473462403
-4.4940943688674375
-5.358100015264648
-5.633422593288746
9.770766589566756
3.40237505506631
-5.975491185733266
-4.961739242713708
9.692070474661003
2.9371209730558
-6.24018400758362
-5.2220509076581
-6.587930611258624
-5.17447408318555
9.515588418011315
3.6504837372888046
-6.236867916659758
-5.725719051924185
10.807157380144016
3.1115186099539875
11.040148516220397
3.786277827419676
-5.398749539391221
-4.377350961010361
-6.510288440854944
-3.978583830887403
9.496767890204861
3.2128290726773314
-6.156278673100566
-5.24664063889262
9.90452736319328
2.0725152930217465
-5.784359643227898
-4.667008864366445
-6.036403836779665
-5.83271014423345
-6.1002196791393555
-4.806841013930372
9.38132068616476
2.893608157387886
9.823804110329355
3.2993378109810694
9.599362981132398
2.2048659520876392
10.413369406245867
2.4240238195587587
-5.821953624573338
-4.9879149590258045
10.021236330884085
3.057414738650101
10.401786875286467
2.5199073455429484
10.365870095302729
2.4427996977062687
-6.0357403207974984
-4.36272907605719
-6.790918575922478
-5.18224306480748
10.045608580859284
3.3579976760476082
-5.968733111666678
-4.898379163710863
9.913930443863048
3.065588820946196
-6.381880640062849
-5.025565824441823
10.089984061369927
2.8336893163678925
-5.467462413604402
-5.065685349773145
-6.090017961242829
-5.104528170178737
-5.9653328640423995
-5.39713120079725
10.316914004242637
3.095132881039266
-5.957705673900191
-4.814845430341417
9.364651383525556
3.5357913834102335
-6.661274790661139
-5.368921380804464
-6.08572724103683
-6.2568681293324655
10.542158808156904
2.5205770465475057
-7.126427521060072
-5.920244450181296
-5.623195292476833
-5.0297478631823
9.661938262140223
2.909777593537167
-6.156092585745671
-4.995422983450045
9.72941441170052
2.7556215446436467
9.737116751647747
3.1126619817267627
10.076710462716939
3.2399780642358476
9.81838697082372
3.6195343730487743
-6.63227102507431
-4.433594420268373
-6.000207787765133
-5.027106360055647
-5.719240938459388
-5.386548847996984
10.10678676388927
2.255968984596843
9.915169643706237
3.7257324343598603
-5.687153901833738
-4.348905932739719
10.112433276732308
3.2816979948516236
-6.66221318801007
-5.235466360631741
-6.468699694371968
-5.454474304412646
-5.836935940606033
-4.508704369367615
10.270620020842994
3.5063511283454645
9.671377624348853
3.340421657196146
-6.083808407349239
-4.654774977094312
9.712332935633674
2.408725394638931
-5.3981062817633125
-4.3735116660913524
-5.971732881776555
-5.725591054513958
10.50360739164183
3.5891095882255786
10.106640110473382
2.7563544913629294
10.721507400534549
3.167318981462547
9.920211149468866
2.472602625540885
-6.243473797735772
-4.884690377257377
9.716780812392212
3.0148082866578405
10.272001385703296
4.31155032389212
-5.291409071619682
-4.641060884085564
10.190813437516983
3.026240306987044
10.629747071198425
2.376927444492752
9.72852633970027
2.3671738846444605
10.089681608169045
3.4093063536150594
-4.918898875635427
-4.140373924711971
10.280004153805528
3.117623510271912
-6.105996581630835
-4.6525441924492865
9.447857436887347
2.543461305784499
-5.330252570363967
-4.587282344714082
10.130621183059557
3.73033211966058
9.938419425732135
2.6602492965896745
-5.7544948950858945
-4.686817675793907
-5.979483802574435
-5.717934185964923
9.871749286761323
2.509582225101517
9.59162296845705
3.45207080328634
-6.546701787763859
-5.75365272250817
-5.327431589839777
-5.271916370020037
-6.4558150002914205
-4.6367409620364946
9.742517865959107
2.977603130759114
9.63293364426301
3.101870109323478
10.42949363588131
2.877164122740446
-5.939106089554942
-5.114358661895105
10.168335430680834
2.580327621462198
9.449991499957848
3.7407922829726874
9.574541960287483
2.7674951361269953
-6.4669587420814105
-4.768641828006346
-6.739837853121478
-4.784543324645351
9.361940043029742
2.8601437028236587
10.306820957682033
3.2876594052047117
-5.6757877206251335
-4.376821987625081
-5.451716064871689
-4.883747342315211
8.987548030841847
3.0417358005905646
9.78090621426688
3.175124768724744
9.78438723513794
3.08101801801276
-5.791032679314797
-5.751600720902753
9.641586941446203
2.7363561707663764
10.413477334617758
3.4228362244002617
9.134730459731568
2.588326718046344
10.630081447390495
3.512198726381569
-7.130797238576446
-5.094474521405062
9.718583069400053
3.685908937960233
9.93332564088375
2.9226505288260824
9.388536860092962
3.237579502562941
-5.870973807428832
-5.157142202176125
-5.43437156496121
-4.826777713657987
-5.339849139539699
-3.9525204263236025
10.53907722139951
2.9603297975646092
9.893114288309755
2.5480525818943875
8.718097325280418
2.9029624917531804
10.798557162681583
3.496691669738406
-6.014895592798182
-5.515075359354271
9.752871268481757
3.300558097567124
-5.251168774404539
-4.536735128992819
-6.298145299272913
-4.899177710078602
10.309736518470247
3.416200803076708
-5.297659352941213
-4.348046167074032
-5.5790026151836996
-4.92418174830914
-6.260397331716745
-4.2329361536735295
-6.229542451237229
-5.51028545610147
10.16963355033615
3.698052602019898
-6.044443628035456
-5.546143067678651
9.591378366411893
3.526666579423005
9.96270585214896
2.298753848320085
-5.754814819779198
-4.284151759479755
-6.539577441509956
-4.837655078606996
9.752862701796388
2.92141398938241
11.004589083507003
2.844520914362295
10.246753449822586
2.871823426927836
-5.808269809416836
-5.2387653141702435
10.473084546710433
2.4752172879180376
-4.587700157973802
-4.023157631520667
10.066629305791757
2.864849376826878
-5.0499272890045015
-5.085388430598841
10.400122706274844
2.5835048709883623
-5.968140168041107
-5.1920845119131585
-6.108724035196642
-5.3256810730098545
-5.242523916769205
-4.556584076361389
9.6010126425199
2.9514755746057144
11.019531152290268
3.5700267087446598
9.823407394224988
2.8832011828445836
-6.946410144664512
-4.581430766657633
9.25967138125803
3.2992736563941367
10.459289013228132
3.493631179732991
10.06536909451357
3.4593286159768217
-5.8528652017044545
-4.7090531416715224
-5.97670623373696
-4.691017827833989
10.516621509586686
3.8741535365834143
10.040680920616646
2.887073281561526
9.867832177936235
2.940610243085843
-5.677625242941268
-4.405816238485954
9.906797823122503
2.929098344521568
-5.38001900845832
-5.735917908976298
-6.784132861052523
-4.847664288255123
9.998953213543016
2.3820939024696015
9.608424617560726
2.513677712907852
9.034734406760757
2.972892687595724
9.568070141229141
2.7633348581448343
10.157865637615776
2.587939959896579
9.673135017232816
2.173806949104896
9.74110367623054
3.1681332577602648
10.46394128935018
3.0052263067933276
9.810068023472628
3.3289258385446954
9.781611579871607
2.3075846521865175
10.069456030825519
2.509890800365761
10.380103752697002
2.9267811908816674
9.90517938821756
2.2684925600686214
-5.455878091708782
-4.459601909627904
10.993642332156506
3.7499161911541483
9.998035860585649
3.13159876658005
-6.282906147009125
-4.3110459174409375
10.908993192667058
2.5942117408876375
10.282076391709799
2.6718152204591465
-6.266943179673276
-5.121501344301508
-5.718783778102815
-4.160519252896241
-5.746683862199726
-5.569465916761897
9.445477363415872
2.8167664227435822
-6.495162342558674
-4.964197658241343
-6.341902268749103
-4.66233555976577
10.49630590480667
3.2019597215006357
10.7993320258833
3.139359531102787
9.537344087609037
3.1079348211037052
10.427410563109952
3.9146000960161693
10.21286064821567
2.367547861225393
-5.4721016332572905
-4.828841380160884
-6.187238819903624
-5.632613452336434
10.554129344139971
3.529312484219256
9.908250083173725
2.823212700934998
10.420159276789322
3.012273937787667
-6.157144713019428
-5.021114179577995
10.329248179982368
2.8150531284390667
9.248602717056983
2.9484732143963837
9.721401920261522
2.7927792417932125
-7.313842709754204
-5.640212194456629
-5.325254906956138
-4.8200134854150365
-5.378304616459626
-4.541344295747037
-5.627560934094291
-4.6698972229511275
-4.875321364465801
-4.193023279980293
-5.684099929805032
-4.611374706059033
10.634165768805149
3.5162880734119333
-5.486958710706209
-3.6676815851001643
-6.448696021020026
-4.700682909619305
-5.784516385236216
-4.777597037528038
9.912380712119948
2.621076362897486
-6.521223407854503
-4.53475333741917
-5.702215644886709
-4.945193265375777
9.866247360494988
3.9307527117252787
9.093133830034759
2.5724918599231525
-6.653043721965848
-4.876832769833383
10.173122153398571
2.42057783305477
-5.696959322707995
-5.116524576512836
-7.284763222784974
-5.404034624939839
-5.830740444784985
-4.830586358611539
10.514230111080572
2.438011789107776
-5.514641082072488
-4.870986472596861
-6.067908240485762
-4.931854381554014
10.432346279435514
3.578126759471683
-5.857794748849909
-4.534898765395462
9.854001732847228
2.6369594614641763
-6.298382614741354
-4.366492194923743
9.707732482429767
4.054224762853036
10.499414914618791
3.106002043672806
9.722878812614285
3.696706669238652
8.34154669676257
2.9265534215120943
-6.076315778647048
-4.904730407627632
9.823129498770285
2.6240930656282933
9.983708950804665
2.692805187164004
-6.162351058493576
-5.770355620696904
-6.008537486129823
-3.8673584821455274
-5.897736097729887
-4.941379680846724
-5.426102951565378
-5.623850653087034
11.107806997369316
3.8893298656399944
-6.561141962314472
-4.975072887675402
10.1823197684709
3.4105062488523723
10.723225650401124
2.3671523230882863
-6.047464757390476
-5.515860867968233
10.984974825516524
2.7363241753192944
-5.2376939065409776
-5.244209294604629
-6.359747039114406
-4.514973852479186
9.784861952412985
2.5654627848230755
9.417172932029057
2.6047840771445245
9.343401634672109
3.754559583435848
-6.363859716230158
-5.619527331802789
-5.832854986890389
-4.4844123398126685
9.76248175534421
3.277951606017661
10.628243242636772
3.517218760356193
9.709453780880756
2.7973235870936914
-6.001510180461365
-4.750030579402663
-5.510625072831652
-4.883457372330902
10.305099431908506
3.0886546105016945
10.311510489804752
3.022079191923245
-6.0364898314196855
-5.790317634094603
10.747245929187674
3.111694715209593
-5.873025279216988
-5.510142982664121
10.421368928209155
3.402381706703236
9.988082954250846
2.7603725534942156
-5.952026783912876
-5.469532850567862
9.475929149699862
2.257309411795053
-6.251057239833276
-5.074890628416383
-5.65097735078857
-5.359737722158315
9.696225441439868
1.9625721468762838
-5.6740395375527095
-5.160328576987425
9.447191526112631
3.800334446741056
-5.777968567225664
-5.4761412130023
9.42428974571898
1.8806589596753538
-5.97446469722704
-5.295177128380919
9.797675439276711
3.3980054072744275
-6.114698968461139
-4.3785274778188
9.3077086640198
2.607059051946604
9.592396862488727
3.3553125073144017
-5.022901002780974
-5.661532219718868
10.584005743021779
2.713207992967917
-5.156868392609333
-5.826533318306286
-6.100788686305068
-4.59598670811323
8.689528467671884
3.218666268312252
10.183767884547525
3.207937149177069
10.643739636537733
2.8845655716675633
-5.960556001554663
-5.522637882443385
10.733115708419456
3.2865127164612287
-6.3328209915517
-5.078746131737964
9.653502068730651
3.184500060754193
-6.070348238262945
-5.394114370084336
-5.228394363217363
-5.359099427865655
9.65302421984132
3.789331284943424
-5.695127810703303
-4.4822501895141915
10.408124388379175
2.600911001553828
10.041731154399603
2.2275179984476114
-5.6593205906596715
-5.4805756995323875
9.65766732759865
2.6609031823924845
-5.83574993031173
-4.736847074044554
-6.892159856688215
-5.939824923360754
-5.557044120074663
-4.7185775757375445
-5.477893278223674
-3.716976391652423
-5.6783042023432415
-4.970539421096643
-6.194548852989964
-4.765087945125166
-6.298138851235503
-4.3053381379171825
-6.775367160575954
-5.727722139939864
9.751308253632159
2.4783471704378615
10.329250885210035
3.373546446260621
-6.312935897140296
-4.931986884432727
-5.932795749958113
-4.936394046779837
10.155204541607205
3.629461621814812
10.128881780264567
3.357899413439482
9.667565258352761
1.9478274318577107
-6.211402970954083
-4.452098473948013
-5.866031346878455
-5.885767952013799
-6.18249618639473
-5.576322317961772
9.806219695832604
2.8299427886136947
-5.911940591798042
-5.030155388349015
10.115378580696415
3.905657109441281
10.09963593383859
3.465280284035521
-5.915298647551208
-4.022975628073977
-6.160259991862178
-5.558262512658552
9.89157608219896
2.1137093064606645
-5.785373950110192
-4.469944218139853
10.463342614364363
4.26905812824208
-5.598454227642805
-4.9683299795041025
9.652807648879804
3.431579461473325
10.76241229199594
3.4333994833854966
-5.744164223088695
-5.7430114748191325
10.231386334669311
2.915073299023274
9.89903459278887
2.3385508118382843
-5.849995053882926
-4.864285826340598
9.993249628395482
2.8428605814647905
-5.813643627876298
-5.697800583997059
-6.191465671318628
-4.505570796222347
10.070395515445625
3.036439278131773
10.560325045321106
3.987777051084617
10.46129024655232
3.224613093765169
-4.784035097791502
-5.67385214999657
-5.703383689918213
-5.577312406656298
-6.206037758789096
-5.910129199688092
9.42794672286462
2.5549193657096905
10.018858967668775
3.49507143115441
-5.483134141328747
-4.2049807381132025
10.494816526403106
3.6742339187471096
9.411931155506622
3.3463806453448606
10.281299268764178
2.9328359898713696
10.207019423955465
3.1217857853185222
-6.255575339174984
-5.604402724360564
10.082643321141605
3.792791647066622
9.786069958491392
3.3041291456449233
10.743042672229594
4.090172111933467
-5.232164369892458
-5.615528826514814
9.55085174979318
3.3352212819150693
9.217777355244648
2.0272448966594934
-5.615136242669896
-4.948545037001052
9.915332556452915
2.951468941248025
9.912985349059667
3.046934902741907
-5.934965038358201
-5.406489931724313
-6.0483758729458845
-4.9518562436273115
-6.375691108672925
-4.948873768064572
-5.910478491748302
-4.821395082700042
-7.117325715040078
-5.640772052290872
9.590508798733426
2.396454850277114
-5.590166695576878
-5.53406527899203
9.823516101210085
3.3421541541035333
-5.038246330787361
-5.072599029455604
-5.271923414727856
-4.808616931382611
9.578571037333734
2.6946071739621607
-5.012990033726191
-4.757443984600811
-5.45648059717601
-5.685003167164795
-6.3760358116968225
-5.804647872744978
9.874416581797925
3.374352094186609
-5.594236795243875
-4.0210111998288784
-5.410125588177807
-5.625688113217476
10.570640717033589
2.9303994112738456
9.98811626373611
2.31415236839035
10.95490602467277
3.762864820959157
10.168873868203647
3.148525305292336
9.636209529436666
3.2166752962973577
10.772964796095492
2.3177576471569363
9.271866398268415
2.563947888611408
-6.116402224811776
-5.0112361119909785
-6.420237658986434
-6.416563042865986
10.482233977081513
1.8622486260104902
10.401787419864748
2.457089794123349
-6.454806033236363
-4.5739916240874825
-5.462135383096197
-4.603041511944808
-6.729941710099807
-4.650292455580149
9.464993584247267
3.0720043200729057
-6.716540706463125
-4.906272927046075
9.489682417044303
2.8571290458540703
-6.525864004509421
-4.804606137389165
-6.84411288973138
-4.686809819159847
-5.245580954319783
-6.029490043660024
-5.207809537854191
-4.887605135741065
9.892951468304213
2.573456003791514
9.54473800844925
2.6105989496899236
-5.012905521789824
-5.718425150970621
9.734498954283477
3.6292768428524695
-6.040917174687301
-5.0275510195386985
9.41340546249989
3.225253618578984
-5.632741023986035
-5.441225458267231
-6.175566217173904
-4.811911379082444
-5.906431120917152
-4.561736699463815
10.36045231590461
4.041461889443875
11.048005380542538
3.086611839279656
9.074730839854197
2.95978886449293
-5.925842900710796
-5.086776744486254
-5.545747529970462
-5.133933320867955
9.90437899795233
2.1597608000210426
10.094891200331201
2.9980994669520404
-5.581781272146942
-5.3953420097938105
10.018199651462686
1.934373024188012
-5.60021211777041
-5.003324669622176
9.776534926959506
3.099109336459417
10.124607279658418
2.9531847564719578
-6.033076285056958
-5.064791814033394
9.438709716907276
3.5826274314266593
10.61104366338939
3.430701880475035
-5.237344810768261
-4.809813721279217
9.905816326223155
3.57103557644613
-5.481896192489044
-4.5003194562283335
10.22728411783973
3.6841892005203505
8.936610916377647
3.3756401455560856
-6.161299131756285
-5.782173376042117
10.203562735902274
2.7675102131140115
10.432340965541425
3.5987545824461797
-6.8699756904459575
-4.089392939048069
-6.3733764148306244
-4.715572325768317
10.124797700146534
3.6423208733401156
10.092705134455118
3.8267283066156055
-6.225514475793872
-4.52226093689429
8.79799904732063
3.2759679071211862
10.386473343664047
2.776057270939278
-6.391727394069623
-5.185628803946365
9.504835969702315
2.1491539416959533
10.07009329448058
2.747264138811494
-6.4039154363766935
-5.145933122500356
9.619084108710592
3.5720301173073823
-6.01680546489139
-5.625915809263107
-6.294042857921706
-4.451361501292016
-6.57137039201846
-6.408337874364853
-6.779582632160695
-5.289010822019228
-6.5682225779284895
-4.2605539988792716
-5.9501629701133805
-5.658473158463103
10.250115568954527
4.228233071955136
-5.631129033984953
-5.252086479425458
10.925395538138845
3.1748818968133605
-5.6100158130009605
-5.134091596453112
9.414193526870443
3.8143873552049152
10.211127917779576
2.8720734724554524
-5.456048632590925
-4.501369988073726
-5.444760995983082
-4.986794671926635
9.636783162096066
3.246422062427492
9.979181356198993
3.720797302944303
-4.9017533211473125
-5.96423357031357
-5.9892385615237655
-4.94568206993446
10.750273162284921
3.3349761743492357
-6.168491034574805
-4.281488249785709
-6.193947767981075
-4.410507820068528
9.047538546928289
3.4734444103391318
-6.186688789345274
-4.397340898761506
9.262013962852652
3.3690789912436085
-5.466483611044264
-5.126978704024845
-5.1971741663887885
-4.744051420357738
9.537459754280539
2.0998401079957825
-5.201462918570479
-5.059213404925095
-6.298689883254798
-5.428011861131047
-4.90591603613976
-3.4343846044979185
-5.562349141001101
-4.802066262739071
10.866578832660757
2.3709368345852413
-6.319236705909074
-4.870534502636375
10.019311405133111
3.01038560787164
9.922649956170712
2.8295937650891148
-6.142346913741534
-4.883520723744128
-6.555892704731142
-4.767607158531687
-5.83853258671292
-4.473136325384485
10.793421224246737
3.137927531226768
-6.447638185640358
-4.989076971572496
-6.74144975786734
-5.006796168263776
-6.5115150180618375
-4.404281790537784
-5.916286052041968
-5.735196744667854
9.413987554672541
2.631080242264128
-6.426651985339789
-5.09102972602163
9.509218907838395
3.2852440837540255
10.353138490038813
2.7853299735202888
9.196594853132263
3.9296145077701228
10.681647563307097
2.30235135403692
9.053381365993594
3.2570995048768516
-5.816179448273676
-5.28384450274439
-5.512431353528794
-5.306701293509308
10.663483707993795
3.859624580312545
9.71163598243559
3.350706198604853
-4.9365031130017965
-5.357813329144648
-6.288146068474535
-5.480526793570023
-6.238924437894795
-5.036983098035677
-5.940113031177337
-4.4886540476689785
-6.381319424210438
-4.8877218648051866
10.26069267502294
3.65293541144772
10.256419383399734
2.911199806015067
-5.355480096470955
-6.008645550875898
8.6789157161456
2.6769484727166
-6.3530244366155255
-4.743677983363345
-6.248113810743587
-4.969644514719463
10.288597299218317
2.6608773070411673
-6.5599486747547
-4.210294681614011
9.83844381994018
2.932828595855865
8.892611384798386
3.2424262917711815
-5.816688754090103
-5.568159523280569
-6.081797533316871
-5.714673503691317
9.950223185886347
2.657855206321418
8.863525397285139
3.5267902061657552
-6.690530522123135
-4.560702849545173
9.298405818488767
2.6764552165028106
10.665266152844747
3.129644556626898
10.18151486998365
3.1807251083777324
-5.218314501172316
-5.105312787643133
-5.514933851977869
-4.822729712270635
-6.718235324791343
-4.3348691003406525
-6.0654425587019904
-4.956838725444724
-6.418524302803686
-4.570621445566333
-5.742215367590253
-4.839169971458701
10.463747487510005
2.809940523092031
-5.9771439928939305
-4.790930143518118
10.033295259834212
2.356489883482409
-4.9295426174016805
-5.450500811133912
10.940324663951111
3.1228151765332686
-5.092400893324749
-5.544217009771378
10.358387332302058
3.235194819747305
9.96331015173288
2.9950077606040266
9.397628998209264
2.9544833069876706
-6.2639050153260705
-5.445834747541438
-5.612380477596634
-5.417169659595402
-5.622809508643411
-5.695297160174729
-5.68143239039636
-4.27987849580372
9.91716999394853
3.220930247351216
9.41201205146895
2.9362849482908913
10.264685093511984
2.4151353883379496
10.487166739373459
3.280713021697129
9.843133067375792
2.4137730572384983
9.594331208341254
2.4911845080587596
9.6793933431988
2.545926671023609
9.7234253724449
3.0184062268672696
-6.6627084522260995
-4.917763605220418
-5.573854162912519
-4.7472008882037935
8.961145178493666
3.0313629640978763
-6.1810670745691745
-5.124392657303783
10.022618822789926
2.753624540941052
9.296973022318872
2.40564999894969
-5.335858602112715
-5.265950586193434
-5.598985941004487
-4.844910310522126
10.739318676590038
3.568908696867073
9.139907171117336
3.2394875960313785
9.526778071055691
3.0406574244081814
-5.7437274249435095
-4.766934021639457
-5.57534046508666
-5.296443967998814
9.54421587943503
2.5473172457897153
10.045603090066484
3.773240008022193
-5.990484883553873
-4.823829297178768
9.870789382371168
3.019118721079868
-6.275172215691699
-5.2257639756825265
-6.417281388239584
-4.823083273520317
-6.333399936185459
-5.643488989644292
-7.0280641758293125
-6.219853285059015
-5.911700416019077
-4.6721949904232165
10.010974711346886
2.987107990014951
-5.571992196570084
-5.12816970407602
-5.5183389666880815
-4.929234172631193
-6.074431740898399
-4.506079780999562
10.106288598469927
3.1389495017920246
10.206683147932504
3.5491479911569934
-7.128461892061488
-3.7305154614158176
-6.221764794456228
-5.195088123583363
9.908689698715607
3.1791732530973857
9.192208847046043
3.392783036255722
-5.716761446003086
-4.646375693915388
-5.384234209116977
-4.97891764555764
-6.075560801863559
-3.959317869628972
8.828988310434273
2.857206537378227
9.928398680182214
3.370928074299625
9.027566223112778
2.4350015538792893
10.246037066558305
2.9871795927154365
9.827432526777182
3.3879489463682377
-6.835152592975327
-5.224100681182486
10.457655374731972
3.943153607391564
10.645428986738256
3.1014781435382024
10.109406246139978
2.566384167139294
10.358782363341733
3.879059341630956
-5.2914794916109535
-5.308546053895972
-5.6564835770248765
-5.073015663774383
9.979243446174122
2.7055735475933362
-5.603614350539186
-4.211725256278333
9.731412187718703
3.707743093810349
9.643914055420451
2.3177193712693454
9.573847902078047
2.7504996241845827
-6.433550582683125
-4.328435260663555
10.193568903559141
2.352215481735158
9.97667037722562
2.484567449228608
-5.808682590622295
-4.7210919376382625
-5.9110653221429255
-4.665164737574357
9.772950028230191
3.271307248130083
-6.195172624931879
-5.936300378594762
-5.205024497113901
-4.559843316360107
-5.8604834861300095
-4.815366617032113
-5.838752088646639
-5.122430498999359
-5.583032482493326
-5.224109654755848
10.0895671400685
2.6075299215031436
10.875917363397855
3.136887630161553
-5.5581012799220675
-5.243996944017222
10.35162218368561
2.2918758699764417
9.491740739530027
3.809630005396406
9.017361920228318
3.1814931801509165
-5.349208493287202
-5.478983523483818
9.349977172703849
3.2407174496003264
10.038407487234522
3.4849792982256047
10.416483116932882
3.622479431497829
9.84025133883424
2.5439254652054983
9.377475341149285
2.860298890330811
10.032597125261
2.539384690729929
-5.556667479482186
-5.101173610200759
-6.2407507728442555
-5.391171479342672
-6.501298227835383
-4.924975590446353
-6.241621050613385
-4.913041900511621
9.71092248660201
3.4357637514681008
-6.128935240273738
-4.79783142188607
-6.334077050600227
-4.821152392383153
10.054089296890155
1.9199624755968512
10.235110473601345
2.7996796657711345
-5.8282003728266805
-4.114117084065174
10.37898850613988
3.5146624766973695
-5.913528394449869
-5.656085610662742
-6.136666243358025
-4.521288196829523
-5.973905898842625
-5.3362228793348985
10.152623978147183
3.379109046258363
10.591036851250285
3.446915103144819
9.992259208085096
2.737033044123883
9.887453120301101
3.3604492881337262
9.899706029699994
2.5054173321908086
-5.635858103274839
-4.537905296600024
10.430402166669598
3.858867910480954
-6.128915384331808
-4.805809441852955
-6.140894053101103
-4.45458265187456
11.216196933837557
2.8642626126666024
10.197965714751051
3.5033602698367647
-5.301405409402261
-5.088531849444826
-6.500423897045035
-5.425268580258397
-5.414391010679065
-4.99280592685533
9.27844015410929
2.8808306111045794
-7.109008502963927
-4.845662079761063
10.849564868748239
2.86209199413826
-6.1375169553504545
-4.897742466470362
9.673172098717416
3.018716206647111
-5.957453588378932
-3.8042303406892044
-6.787627703654076
-4.884614444829332
-5.116313724925296
-4.88115273058511
-5.564535859461515
-4.663833641534215
-6.09249718166538
-4.715717170220558
-5.154808187693265
-5.564442155961835
-5.516841388607467
-5.191162000236882
9.863923381789432
2.596573830781198
-5.776405497687314
-4.790856245732795
9.526362704693128
2.7908475712901373
9.020730324168635
2.9457749968156715
-6.352127933283402
-4.567499720281458
-6.518243559384552
-4.564352121907699
-6.846951833319638
-4.849001126966894
-6.482714521483296
-5.229311124916647
-6.169290276357792
-4.5294279199720755
10.043671130259591
2.3259827737141996
-5.736999792137887
-4.9335377062493
-5.180264663558816
-5.152082564886922
8.911729383640957
3.4324774814873313
10.709175213872376
2.739316683333824
10.682522424372054
2.8812961318542163
-6.007217566277449
-4.735036528802041
9.464805752570314
3.313635081909708
9.60577297135619
2.56350292955848
-6.66240471509431
-5.260552117803373
10.169914040887878
2.5133149199593623
10.437344793854084
2.5378583826421055
9.873342346192796
2.834578342401169
-5.519716277025843
-3.6825537297798605
9.339633006284886
3.877849076391221
-5.741146471747007
-4.8227169069579015
-6.227172596183158
-5.8232847300452235
-6.013379582796315
-5.100762626973745
10.539765276193858
3.827639968557944
11.01059550350818
3.125959069678747
-5.818878081993406
-4.5619070795978445
-6.796983522998547
-4.7151316110558845
-5.580731530601576
-5.555820896346509
-5.991216138427795
-4.940045888060373
10.768615994034537
3.3521787024938074
9.844468275707408
3.759396782386787
9.410295799060439
3.4102034645959347
10.420987947097885
3.0809127529634295
-5.93375482661691
-4.580571687645346
-6.296718278931138
-5.0063371000830506
10.305913988689873
3.807112282190751
9.93040984130322
3.772699347469474
-6.212743804865977
-4.683546562065412
-6.8494193254710165
-5.232828581482134
10.00952892917213
1.5940815084186462
9.93036805962754
3.233149223272521
9.998569124814617
3.0280051775475734
9.626778710957307
3.2110161923694185
9.853993351108343
2.917473639158653
10.674036866014328
3.4468061471036426
-6.473179737400019
-5.721354190381862
9.831186212122356
2.7991445062645557
-5.812084854398418
-4.483686308981067
9.498979120243705
3.0859659547326244
10.266191986149177
2.5222160559036744
-5.557103393639874
-5.327663333846877
-5.818499473498614
-5.002898532384632
-6.020284376074933
-4.449401105164022
-5.146648391945594
-5.447477666958833
-6.043607367731961
-5.514060178628654
9.179460592860654
3.02746813428858
-6.7973473334553205
-4.910411394693358
-5.721810033950504
-5.589152703453406
-4.98909915709268
-5.032147186253608
-5.956221524674851
-5.684784677603202
9.267491407339984
3.131901238812241
9.74090546139979
3.294121327112869
10.561650930219555
2.917939276571908
9.351374174552522
2.3124921213155334
10.624959463220309
3.4769290772100145
-6.560928808009297
-5.122486371751536
-6.609987464995046
-5.390718292402052
10.735470861117765
2.780992101627665
10.178691500685094
3.6521786024339047
-5.883968829582244
-5.357716237432202
10.39427295839934
2.0504632371274316
-6.106908938247929
-5.547540618631505
-5.616493236480703
-4.871083178241641
-6.0944550894516105
-5.124526801050327
-6.137298091564606
-4.937073070351177
10.2192000603242
2.6903272272002043
-5.8728064308788674
-4.877421199350424
-5.963096739828161
-4.5606507204273194
10.349445226971001
3.3577453373276605
-5.281140121444907
-4.571943906558796
10.551692597818867
1.8660201141267452
-5.733574618110006
-6.132207489316059
10.143023765157727
2.519772706073061
10.030102006008597
2.5665776850309316
10.983311866143792
2.702007268365688
-5.765628013826394
-4.460668768649784
10.624015239066322
3.0841168617348025
-6.363928022083282
-5.181183281290593
-5.247584468261352
-5.675806647915899
-6.29314965654935
-5.719894111999484
8.762182830123463
2.954514035248011
-6.23982960948728
-5.014489210421095
-5.696396280771996
-5.185659150396893
9.179826688091417
3.1614218296657643
-6.928264210311886
-4.810813306371083
-5.8020974469698725
-5.636850926844903
-6.703118718503548
-5.6770620651327395
-5.7126457550661005
-5.2317256705047
-6.836552811109334
-5.411213521102124
9.550499288151833
2.5464947366497377
10.127427522360145
3.597201600506922
10.2151378107211
2.576880164593125
-6.219533848599604
-5.594339781372707
-6.1077859625485384
-4.492412304000795
9.792731177023981
2.4889680308703612
-6.389432457261999
-5.383055187761826
-5.70437297076618
-5.200329576593676
10.475218708202329
2.932149876068303
10.246013736916668
3.601155272267694
-5.934137196763764
-4.324693953512343
9.798879544391939
2.161158228494109
10.053901873463328
3.536396392723237
-5.948756540440512
-4.86259401404559
9.914734956892497
3.852280731755676
-5.982097494482049
-4.557160594591193
-5.7499439959530845
-5.655347966140385
-7.073993231365067
-5.560129973148619
-6.361151176348104
-4.9866507931075965
-5.705320656901968
-5.6995076058807
-6.734111514745045
-3.6992322598773244
10.312103240380075
2.8885501014211212
-5.997675280937389
-5.115515452367875
-5.98402931847472
-5.698870612354626
-5.434885285834266
-5.334288134899874
-6.128422280352204
-4.692965556239629
-5.790827128889886
-4.658713241916313
-6.8179788666551255
-5.030080775753312
-6.709864677565997
-5.813455753395736
10.04457783752287
3.555475535281599
8.85540817928902
2.3326284677400886
10.817034189837829
3.598709397726763
9.469989135573698
3.28375367402337
10.5053721852404
3.3445376133888454
-6.01184500997022
-4.73565410406068
-6.458745775784933
-4.433388553189971
10.125341480017951
3.0590569577368854
10.068197290100757
3.207466966108151
9.521765100458726
2.1347192042675913
10.2535933608126
2.6282560620482145
