3.1691741708561345
5.070260152258063
4.262992425839936
3.2655661476766795
3.159313156005352
6.879324300419239
5.525443579304549
3.0723732273954276
3.851698034636458
2.782818852969068
3.2632129982926337
18.65795995670996
2.758207889647433
4.27972021876451
3.820353415516304
2.8442640639452668
5.576699188806285
3.52983204692149
2.995498448700385
3.926183807369873
3.280862554556244
3.826866842920526
4.554913801217928
10.53502905782765
4.814318501359361
4.200281076060653
3.7322064301242506
4.666399585480016
3.031738066782937
5.414870736608293
7.464359967923814
4.2955121155751055
25.87697062414709
8.113649419528258
3.3756040373943472
7.7463477763412945
2.731332463754819
2.2588928265720845
3.0353865878195503
3.5780701659115484
3.771024305573869
5.745204305212026
13.640508333453987
2.901679366405564
3.48145101978957
3.027415498760193
3.1002625592082698
6.487894521713627
5.008310464125385
3.2907279608017324
14.763989588842527
4.727437582449751
2.576303499386596
7.494200059967583
3.780816532056102
3.187961597295407
5.7804473464818384
4.635160877924054
4.45433641977392
6.202122213790145
4.818892685988537
4.521300736181666
7.25535048424819
4.147786889003676
3.0562322476196346
3.3139605813487907
6.860830178797447
2.9878207434931356
3.3595281982900036
3.6731302341506566
3.0138983386607174
3.4966520149668514
16.279759920634923
3.496749099346332
3.1274651574023666
3.4520504304292308
3.0671892419043716
6.256470069379657
2.636074272639685
7.281370933228203
14.850397049687889
4.685357806659352
5.122709437276788
2.811851782421819
3.092299554094278
3.5780388157507277
5.041216281531891
5.510389701737142
3.549338513652234
3.940328507546458
3.468189863201979
3.902805926198622
2.838672081339144
6.743711054802147
2.6678742347805255
5.066726153562619
2.3659815115391973
2.552288276805697
7.777577164064006
3.2119165516439963
3.314064709965354
6.9168629849682475
6.651171553914148
3.3353059454795004
3.7073344206952457
2.5991358845645745
4.358578214470815
4.504800984266104
3.5549040879717317
3.2890711194331437
5.029305268160296
4.003983266733266
17.689299310842415
2.755135600656074
6.461889380113064
3.9377146761776407
4.92171755454515
16.98280377482445
9.782101134159957
2.9338577427900883
3.477691070347546
3.822971276480986
3.105889215871276
2.8327134505678178
3.3374703314014704
4.524505609508703
9.624944555444555
8.257186412443765
2.493607488253922
3.738616041874513
5.348572987679806
6.056407055466861
4.50307124657771
5.89547062042267
3.236692386377099
8.511110196992549
9.448589907041494
4.9888104316255655
3.7603855861927773
2.9420624858352253
3.385761678460676
2.8666651267034955
3.2053936405277157
2.993934784313277
3.368288396872151
3.0831506269588544
4.790059966113179
2.848196662297537
5.12032345556293
2.91001787155797
2.7733299391897965
2.921096678141521
3.81647267222659
8.804431342478438
7.275373923540726
4.2255953334348435
3.2092620779742482
5.781956447205207
4.484897734373657
3.2763785381192974
7.0172491483149395
3.648728746869437
5.052071016208606
3.2885044159592813
3.356227172483234
14.337900793650793
3.011991824701039
8.629718138623378
3.172012824188954
4.383394541615253
5.577549672549672
2.962648679978238
7.182263832185067
3.5966180039215248
3.2515665063401986
4.720796302171588
3.2539740563330986
3.865624607291379
5.278199769735096
2.635541027339867
3.229593285725274
3.094310622221832
22.992887446722296
5.785080889234664
3.5582376339154287
5.731503478769758
2.6977085430271255
13.215425824175824
4.532563720410633
3.091242529117913
17.076735209235206
3.6625823147326133
3.4600399663976225
6.1983285712526355
3.792570733989846
2.794528899174411
2.687055070520795
3.3643437792605164
4.102213816800649
5.774470659331498
4.342549135223168
7.810829904686351
11.465789081289081
6.216763426257618
9.801154394216894
3.2607136382667066
2.9274270665240705
5.228669953593446
3.115071465382996
5.519428716350734
3.1029847793808614
3.390776846656802
3.711785108594747
4.3079719757712835
3.7762407997360956
3.184776181584237
2.9370229003150246
3.0030155595987846
2.819161144483402
4.176761230022619
5.685688607789468
3.3745842509711257
2.6567886769675955
2.7917743085565587
3.23236993072594
3.4752692680925965
4.4670893905503775
2.71515446370777
3.779054008640965
3.3615300814487488
3.2158591054048395
4.814963512328138
5.185751475705499
8.778567440330908
4.203756493122182
6.925933659232311
3.5954554232861686
2.5915988340744334
2.959780511862399
2.8334346388948672
2.867242310164772
3.6352871965772255
5.764280864736585
5.263503957235574
2.456292472107217
3.55087684590525
4.184816627557375
6.666264122422051
4.331112839001383
3.0833336444650037
4.163227807143305
3.6208989450155062
3.6633651567977292
4.76086624428633
3.1481877238573848
3.39834868911159
3.420238724523174
6.025401078883277
4.851817329155873
5.58957511460196
2.9276232306774346
7.974010829448329
3.2165636166169542
3.2441088023657283
2.7088201396709413
19.13028679059036
9.339640412365412
2.9942722147625096
5.8466007965974764
3.2581906467918262
3.470395143584759
15.832503163503166
3.147319600279819
2.8830757371831295
4.277638874133262
5.571327016937312
6.549110181485181
3.5294324704344113
3.2241952687321422
4.100469273131169
2.7913350783024446
4.16752409593671
4.639040910279877
6.086528299426144
4.351528950875545
2.6699909524090755
3.0699020040019955
4.293239271605383
2.9313022758790477
3.2698952253030193
6.480532580898933
3.421671711833274
3.464908104607155
5.570611780482345
4.69117489000279
3.4077269173679774
3.4591105728878278
4.448251495837246
11.368342238265784
3.4046583984060295
2.7110282208851455
4.423985918151206
2.7595708441779077
4.799515155467168
6.437721200076411
7.07753823341691
10.032684182364633
5.0680715617243095
3.5620267936035868
3.943223966769235
2.9305170691805147
4.244071225072971
11.318893967143968
4.678457518647765
2.993981237960296
12.450177975901893
9.289856933185494
3.938296312656346
3.1066346582052855
6.064165692287016
3.3526765375254706
3.155499005147391
4.500745344962272
3.536940518142809
6.456001658429663
3.5450782479564227
5.580604296988888
3.8269982912954896
3.7427421855323133
4.871132936930334
4.527815039451668
3.5575123786412983
2.3499034462558965
14.139131507381508
3.3839259476582937
3.0326452411925384
4.095790951183167
17.74559271284271
3.165535883133923
11.21951686807793
3.4673957211155697
2.543678332446916
3.5842185776048616
4.826813298959838
3.028541806301147
10.237411122782445
3.275376729682181
8.246425323770781
4.978839887191305
3.5648428960315575
3.073028117788041
3.482995150038038
3.083230335855011
11.33546477133977
2.9841750617201526
3.34817929477766
3.1500001946434977
2.5998056822085416
5.987047331850118
5.408108904872513
4.490608089596467
3.4569710398390736
7.139943896299126
3.278114502982537
3.34756568095479
8.144375657946284
3.4407060807697722
4.078477590026715
3.837646002969339
4.158470917681678
3.115153638764131
3.5491886976990794
4.294750059463407
3.5448500569424755
10.093210135452782
4.378689269423487
4.974907106553905
9.89037115084379
3.5307644213483824
2.952894463553042
6.485026335914517
4.302268081187824
4.132717175070597
3.2531047862058893
3.1619691202157103
4.399414527723739
7.156763842650671
3.6610925690654126
10.675010880814268
4.359254856254856
3.5033415194899504
4.740759431065097
3.9967327486757847
3.2775884535785855
3.0203044233424077
3.068875314840003
3.513391632100156
5.878838021361855
3.2113132540374
8.894660826189286
4.0862145716450655
3.2024890882683748
2.9186339475799117
11.880209922022424
2.840914013874445
4.28043583589613
15.736969696969698
3.095768813263689
3.0340428073633494
3.07514440255614
4.532030787729017
3.0716814673601402
12.470999590687093
6.131040913434393
4.061355721341947
3.7042804894682813
3.029715529698612
7.857845926464426
2.5803109901137105
4.085002378704715
2.8676215496150745
3.1412328115085177
3.4468732569724607
3.3184625477046916
2.8462876507138013
4.685243241315516
12.473947977675918
3.201788558450643
5.86761917682346
19.263165064102562
2.705683244918001
2.60762264054579
3.548896076890251
5.513776499995554
12.487822150072152
2.921753915717085
5.35570162527612
13.508691983669927
3.693968411794417
3.836076941213055
6.6943941087580106
3.833027914519438
8.578803515928517
7.5371539280423985
3.787679067374687
2.8993638903647314
4.4015193067446905
5.872436862050058
4.320207904773816
3.360866623992795
3.276534933958861
3.802862309831312
2.676950897577185
3.1720324437565
2.8814885272458106
3.3224559709621224
2.667749502313581
5.190078042177429
5.413711743315573
3.67549431982072
3.6042846644341147
3.053339915241671
3.370699945444544
6.047601167623226
2.981818489129241
4.66102312459543
10.732478945057723
3.466260089139443
5.854130646225754
3.466015282874281
7.765033467269939
3.6025986893266877
3.6993412196416977
5.113168624697148
4.215072278979415
3.761065117029513
11.100957137713236
4.386588440780193
8.426974808499407
3.3077825088403348
9.508944427377578
3.772509875253421
4.592640917862667
2.749213465259022
4.6703446692569965
3.042065011714278
3.0936952496873835
3.3176822824280157
6.021105984186712
5.820680571482672
3.396144550150814
3.0636459753143845
5.6422211294140645
3.297726182823813
2.7212193140665657
2.66283306700103
8.43093801575126
3.477286338092412
13.295237026862027
2.7488848973848166
3.1223765432906965
5.378600691426597
6.831671933307145
2.9401225133101843
3.3160122019782445
2.8010125539851756
2.610005696005303
5.1268701135496535
3.08017025674372
6.537473121039074
3.722235290287845
6.438573973002884
3.274522750173318
2.7278807737937405
3.1969738295600223
8.900216305820575
3.615541296843486
9.504782636481165
2.727957863621688
5.0250654060970135
3.200965604079643
17.088730616605616
3.2309911024108966
3.2812413697355227
5.315636374246669
4.583132874497897
3.3096170909719773
3.6821174286583727
2.7584420109802137
3.066963386811041
3.8846889244907516
2.914887520291539
3.967329912548514
7.765433594525862
3.2751684258766702
16.046206690368457
3.181422580335359
5.239821222485632
3.970707562737774
3.825028594913131
6.834229624542124
4.46221216977467
4.192422288087013
2.811589856378995
3.165083519020469
2.941943354074742
5.938220402934938
2.7255302104200587
9.604585430026964
6.359365861137118
3.2308016051381743
6.468725166018012
2.8683562260202393
3.2151360346815983
3.127509099352184
3.006015912126317
2.696915790675265
3.4176418123061523
3.018436376703396
10.592250742571625
3.4276534186907974
3.4417621721312948
2.6693464374899554
11.845037698412698
6.809689458531327
3.4904629623927392
9.052688818534406
4.258264090194971
4.255954878115935
2.7864424744481404
7.896578074294986
3.5850856820599724
4.668565644848464
4.110124075656043
9.145591688948308
3.0276059442276537
3.105151412879092
6.392078533915
4.977346790612705
3.05706681586944
18.368057853899543
8.047010650467126
3.864062467897487
4.483769629076293
4.228926197740168
7.885384058382762
4.1864456993345405
5.43387818325622
3.1513543279200977
4.014282448986417
6.3202047491866145
5.8140885200706816
5.371153551771585
2.906247012513635
2.770733339510804
6.895682123721614
5.192038314540636
2.803392449292952
3.582943013200601
3.180774540002909
2.9383912901253035
3.76957322357566
8.6356577204363
12.289144849302742
8.533732867750922
3.276629895897753
3.7713606671106668
4.680809166935549
3.382822810430753
3.1374468345561057
6.162306752717351
2.821264580982662
2.830952744930542
2.493325092025166
2.4603879028205804
4.785840019348674
4.470701694317667
5.103598956584015
3.834243991450403
4.2896549627908325
4.170507753039874
8.088958470152715
3.8071097770221094
3.885723908050201
4.019658600004601
10.02456191118913
3.488470963751831
3.325667790862959
5.342903520256844
3.841262313162631
7.411548213532875
3.4837608763815924
4.235483065670831
4.478237295837116
2.944194832392266
3.0983497096880424
3.5009440723071372
3.1243880363300516
4.304835747727058
7.5090304845091955
6.440724103353437
6.779236012267746
3.0718539848473143
12.007570433522446
3.5104890400824367
9.200553819589423
2.5410069290075885
6.0495155485596275
2.6517520509294985
3.9067436829734343
3.765642293516677
2.7782919728534057
4.221079204344875
10.849127955432118
2.962084237092488
4.9575828697413495
5.979495650999328
3.450733327235725
6.386972744637437
3.3074714826423635
3.739791278622998
3.3807484708948734
5.812588424556
4.502903193454365
4.968750363972113
3.529064426407358
21.311906963988832
3.484197814865843
6.442786020084273
2.8819558452393017
2.882113701399843
2.7959143454110564
2.8327819749233094
4.122680549797277
3.9485617753375366
5.0524593328337355
3.3414536867093045
5.600159489399099
4.078014601649355
3.952637935894515
3.3406580128504864
2.661826376155758
2.6182878596594743
3.3081514693840695
7.9400445293426785
4.859270931055387
4.82558838283089
4.527683231408292
3.436638588932951
5.358022764563811
2.8547977869477488
10.066916447523065
3.5056341483847926
2.8391823845484847
4.047427493186781
2.536755656161644
3.4831976800132303
3.201092157353902
6.36953381819809
9.941016494707013
2.9878074814131264
2.7588792537537974
3.1867603096387755
6.753522911870737
3.1151568207937594
5.046868530313296
4.156175730473522
3.9103566343142586
3.006101775080182
4.641410774880842
5.044542789043976
3.587048452750579
4.322297088490058
3.5239885514549716
5.644648258539705
3.4695654792376
5.128711769225862
3.162678241182931
3.667808458040904
4.06767919112928
3.624531717636017
3.490752989063007
4.524012834417713
8.418496239055063
7.8724593862130225
5.509192226642354
3.524115161268646
2.621986462542438
3.2576715518109647
3.2356088517978816
3.335702500716859
3.757162030339652
6.794574858474858
3.1148089994557746
2.602979083838138
4.184915922911534
3.8976989344867388
3.5217594050698
3.6674991062323725
3.1243041240241483
3.151269836747689
4.513948399448132
3.507527162671151
4.869199858053768
3.39047784545899
2.774334514023778
3.9151330642789857
4.377442731617299
2.6364300189169825
5.38333551990942
3.616743967652149
2.906363678783564
3.350940152561334
3.013934012771324
2.842441706723347
6.383820023068683
2.7795079654536208
2.7207888593621514
3.005093761223037
2.656461067600281
4.083897970054852
10.752502885555218
4.061118673907975
2.3045227353767017
2.830830250627555
3.3783470232699617
4.109758480364899
3.5526219881936454
4.058406138136819
18.01590528370059
3.202835525974848
3.2137069729797143
4.197589184569734
4.386615836544408
5.259470956911166
14.317501743626744
5.319108689811917
3.5119203474055336
4.3067695739834395
3.3184172612335407
3.4518120362618645
6.440978571494255
9.57488316993464
5.34763604001953
3.7208364933687768
6.941709352201806
5.0559699204780735
3.160196787877877
2.916759744791941
7.137309835997337
6.615959348295815
4.638927605163378
3.2122847094824896
4.665805606479466
4.570734231668536
3.1541395108252233
3.687238023542584
2.967132796178297
3.09450835305158
6.459815059478106
8.520517676767676
2.805759989916025
3.3056072327814405
2.8892070222863633
3.2361493514356625
7.4485267378203766
2.7042584492996316
5.55336175435446
7.591057616979385
4.563329073189924
4.586933407309411
3.5297253256420373
3.961341046345432
4.5487729636428025
3.4034154928056366
3.392625885178526
2.5037787934966684
2.7354944451214647
3.5559254907819273
3.7845043481206115
2.974216039789756
3.5602134692850185
3.1664550835936245
2.667536479410293
12.242627653624076
3.4887450162858133
8.734710428460428
3.700582191190989
5.346890570161454
3.9589340756015003
3.5598714384949552
3.370000318626659
4.968282473268939
2.4921910640962524
2.741330432362856
2.954917808954939
4.13323398610021
6.712410795262161
2.344829890579004
3.8075817424928586
16.633613664113664
3.041926923688209
5.570960274355011
4.616425357582688
4.597712413511434
3.771777703937346
10.880500416401715
7.418358766233767
2.57334726166555
3.222875011979694
15.839464393939393
6.661721322853555
9.573495196324144
4.1124954492563885
3.442936868283218
5.909120705318073
2.8313020203467185
2.8529649954142986
3.306260177716355
3.069729494906815
5.13039170433566
4.242390681540681
4.084297802537691
6.40833003650438
3.7826692062476446
3.1233028554126974
4.0556673230180875
3.861185968443664
6.56591211286993
5.2517726529858635
5.957727813852814
4.062222390887981
3.1348474788956158
3.46958265332098
2.9521220099881247
4.513319413928379
3.4328313336267366
4.588604423602915
2.7962321613766723
15.788009587634587
8.862547030350601
2.6272231114616242
7.680131498038959
3.594005570367395
6.606370774695728
10.578619495467183
3.9697694699091755
5.648346268161881
5.154493602632341
2.7737748479269895
4.539833883332017
6.045151636679078
3.5305538412762703
3.761870021343228
3.369660656512022
3.2907916529259365
4.824511176141764
4.780094306761705
3.2477277555736466
5.682400848872145
15.949689370191573
3.0208256874646553
3.1367811080202883
3.6529812623337885
2.8931266373961626
4.119222665518861
5.44702896410093
2.776556854257299
4.375407714568041
3.234283231950934
3.4447172178189898
3.4335590590101583
3.161030509316506
4.755268270678597
6.859142440892442
4.376404167957547
4.791523082719317
4.933792296309893
4.761572195959004
11.653615088343031
4.854152600030824
3.6892844979348056
3.2230168511431123
3.482524438309749
6.02567554949597
3.6272721618349397
3.8811405335500013
3.951999484564336
4.328210493292111
4.507804521288125
3.532462749296968
7.464570287606982
3.5491225059841356
3.433132031327437
2.948817763468365
2.76371252516117
3.3744220303646877
2.8251356201816042
3.1119774550710404
3.337861200072868
7.644694472194471
6.729421476853681
14.105403858642102
2.903678097114487
2.763030207148122
10.600368437118437
5.099875896176277
3.348009565792704
3.513813204110062
5.683531773249484
4.703329529704649
8.515392206524465
2.638115933238514
3.3220384560693605
3.953692919764037
7.291068259175559
3.7784173648077455
4.501729299888723
2.7728387676237696
5.262067754240499
3.2909480316731186
4.240931270298026
2.829564781290453
3.061830429434401
3.9648300961639302
3.379798802432346
3.2374038532058074
2.2797531926211723
3.1068528903366417
3.5544733921743688
7.479170104448356
5.769212842378616
3.6037466703148366
2.827372861083287
7.374546861592121
2.779708072735717
3.7005368595013466
9.451972279619186
2.837302783645663
3.51987858690587
17.93028583515958
3.004367105099043
2.6390955294705294
3.3156746406107
5.540128894132184
3.2330245303957623
3.7198938797078664
5.312901424097135
4.745724151310424
2.92518729430353
6.429915486770767
7.203750059134567
3.243897379431855
3.2098029636347456
2.933152554354257
5.503218546642986
3.2064405989079523
3.1810689116272823
4.425279074241293
2.911858659460753
