-6.287260144465132
-5.275857668243626
9.490926852965833
3.440993546360566
-5.746251114457999
-4.628351155673708
-5.9376066487149775
-4.695910238959427
9.475295967723106
2.1909213882759886
-6.103773168081815
-6.275940822495496
9.786461183066336
3.4994576438580367
-5.795256726426877
-5.199035447820903
-5.454028778267332
-4.4163799800468375
-6.405514064163104
-5.17353027625226
9.57685327495236
3.6385049340607107
9.50885157575794
3.4163202216245754
-6.074630785219106
-4.148667255205811
9.94122716646336
3.452123560598098
9.39165251719959
3.190816251363687
10.159432421245812
3.809773533438851
-5.900847246451337
-4.908552811346517
9.4683880621353
3.3233607399477836
-7.328167809301583
-4.4356674074665206
-5.925347941040486
-5.592276086287036
-6.696507684488973
-5.81471565854678
9.57606726264404
2.8568720592680803
-5.485410304420949
-4.697336580185311
-6.329178556316977
-4.434230724879636
-5.629548489592397
-5.271373342323183
9.901395557464406
3.420603466157561
10.313043945597427
2.6058177891998997
10.389901346845761
2.9197319759272378
-6.006486426239169
-4.309585685620584
-7.12539738504966
-4.475934338007605
10.414571025923182
2.0022637820071343
-6.070247602879174
-4.358378556248971
10.760749172724909
3.1944741918096313
-5.647633330470375
-4.785258444519002
-4.725791839612391
-5.419926353415991
10.143412029054913
2.7915364406681995
10.352767676542587
2.84202995797549
9.064881396520125
1.542691553779389
10.100678139598443
3.124725685552413
-5.969154980254627
-5.1202745772250156
10.372094840148112
3.260389114462354
-4.802717730011125
-5.371815109927716
-6.409638509034594
-4.802889748653889
10.069510393517318
3.4695765930482163
-4.7780741628635806
-5.170579017226036
-6.096130898231986
-6.198186606526031
10.552435277155935
2.8211396448745294
-5.635257207875707
-5.369558932157579
-5.680770227418814
-4.031512667457736
-6.2788672557953875
-5.038035358829422
10.214875386993924
3.029674282229323
10.082698183557511
2.5549715117571066
2.1519827744612723
-1.1258700641331734
2.188687434994048
-1.437395896482517
-7.031737359127066
-4.930051908843071
9.75108910787275
3.2314549365318967
-5.675649364896506
-5.839543268805893
-5.730231909560585
-4.477574539325201
9.213627939362837
3.383723475829459
-6.594010329225992
-4.914693872553606
10.820710204405785
2.68535810706814
-5.3956593552858365
-5.515720160836342
9.561977040741539
2.8842809621998273
10.519887382212733
3.1648592475163215
-5.9066233869671025
-4.992676425379114
-6.140520766670412
-5.012528565815027
10.879457190392957
2.3446486993731144
-5.2524053691589785
-5.452926472087576
-6.003426958503775
-4.890006265760899
-6.394640316793897
-5.464367572728969
-6.774764132226989
-5.423892969347909
10.513542555945065
2.9623469165302905
-4.936341892698696
-5.37218110032193
10.766447586923714
3.313895291594867
10.396411971653835
3.343708809583837
10.120125884234103
2.6364863299811274
-5.405881918064295
-5.431923957109278
-7.063733424409757
-5.691851713929612
10.906896256956493
2.106060959223821
-5.353944222533248
-4.784944752142312
10.593116915878504
2.52107693085054
-6.350089727851741
-5.2554021827774
10.29552457084617
1.84447498481464
10.297503062459791
3.4797533640976814
-5.917477986971347
-5.663674140937991
10.5920043943475
3.213533418611513
1.6993937501301097
-0.7413895499937229
2.219139173210532
-0.7308190335072509
-5.878413541796302
-5.38714473590336
9.845786752041539
2.6956230961215555
10.393152682123027
3.4473835730858093
-4.925737700554379
-4.0860047337031435
-6.224996511308872
-4.9999846740263685
10.473922577310981
3.8372987836593566
9.961205062121808
3.430087808501694
9.788081916024757
3.4952900969428407
9.301586323041683
2.924493972253118
10.11607942846499
3.608851383637757
9.575436826747069
3.789927338272299
-6.486767527640651
-4.774844963909001
10.829310458034909
3.445683800191501
-4.813255566888062
-5.957940413163611
-6.213601554104622
-5.711167624601786
-6.440972526340108
-4.536255801064814
9.791847492093696
3.6766100492949367
-5.342026989232203
-4.961172780343466
-6.192192002331361
-5.1621197239952
-6.084996249204184
-5.957623997955769
9.935403102873442
2.9683867289949384
10.616567901232242
2.824246892767581
-5.792004277848719
-5.349042519612245
-6.203427946081793
-5.178661434062562
-5.99047188029953
-4.876982288167601
9.86571434101105
3.2487899780281557
-6.070968050924926
-4.904538683825874
10.063215212891517
2.4936968266435318
-6.922350216555445
-5.247610598609494
-5.894357395231419
-5.623294790307454
10.373727182537692
2.876412987838315
9.946505370061319
3.4147376232771216
10.328959164014464
2.4805494374017654
-5.86748886599327
-5.3416340052752185
10.132085462307652
3.6670662747295273
-6.14065368293788
-4.048336561963769
-5.993010009484185
-5.50662843051901
-5.851752011809697
-5.322001181790399
10.338154289257584
2.802096687622025
9.802895742331025
2.938117806174464
-6.44958431479269
-5.019846452857653
-5.59232163586232
-5.018000455585755
-6.703785573970215
-5.109330093934378
-6.427146604043861
-5.126410948596243
10.277583721937779
2.8024123717542464
9.427532701907781
3.0501812580399132
-6.637767645069778
-5.338995878269302
-6.052184782188926
-4.622598047249928
9.435700607581097
2.711017772966192
-6.07231379183449
-5.729861015415837
-5.814063087954952
-5.048132443415851
10.036944278815808
3.1487398162958526
-5.546382416747695
-5.167040325630993
10.556554801747543
3.0787915200589953
-5.3112566216302275
-6.0406372011476055
9.755473546385158
2.9513570257523916
-5.860489719598291
-4.5780419937124455
-6.514200297903347
-5.431872520519113
-5.781058317375934
-5.124225855681978
-6.435337960018765
-5.610904953012977
9.850336405587353
2.630349802510726
-6.361906861781771
-4.538091301906365
-6.521556306601507
-5.115194138388289
-7.075290973535159
-5.470928261383837
9.511091804376035
3.1979109725847623
10.169825481272511
2.920006276109859
10.800911940019752
1.396866398720066
9.645120512111138
2.7768914702526097
10.012254425000538
2.446517307459101
11.104853153268731
3.533345508698036
10.422197352714104
3.0863335125806675
-5.879820759712004
-4.730186600810732
10.247331033804157
3.350771470725912
-6.132676489538253
-5.0228030590013875
-5.462025052199518
-5.327353621830787
-7.114876194868888
-6.210335944252991
9.628553872498026
3.0457083240027307
-6.292894980391952
-4.697976505655524
-5.969173545909286
-5.433419236114535
-7.035365370833416
-5.137052430609827
-5.480561265743368
-5.329903948452991
10.833035654482913
2.3794480791703303
-5.479289783818204
-6.211134513288522
-5.872656999102764
-5.773960291967427
9.169402621622854
2.599257237882353
9.875890086482503
3.233745066797744
9.047237895432762
3.6297523319193
9.553752467855109
3.7726545142920447
10.28569038530887
3.5027553928071833
-5.314827775863797
-4.557799025091097
10.683817061312784
3.098994454107358
-5.551037625083879
-4.920950233715738
9.650469934269202
3.0203094821612817
-5.228304912232136
-4.837636673414372
10.53962112453625
3.5054572196016025
-6.661372041106277
-4.632542705706637
-6.56903654991215
-5.696791408643221
9.78610967095009
1.7022347560835458
9.851920689667017
2.9757652953505427
-5.678090595648536
-5.398232897470974
-5.481485005437188
-4.1066111120557345
-6.78632499622918
-5.111123346112805
10.0245113298871
3.7676383443365764
-5.783550465670017
-5.1365676047218525
-5.447827580184089
-4.581241253365011
10.590035552780627
3.472134290937905
-6.285127838872195
-5.272729752755995
-5.621528884171802
-4.673723175859663
9.784260062914859
2.850851099994596
-7.137301638483129
-4.741593904768128
10.304291057310285
3.023999763924296
-6.747466864254456
-5.085766921374667
10.039421468805948
2.1355005844518358
9.630363828626177
3.553404797565018
-6.532365496252147
-4.84704962832933
-5.695132034203509
-5.014422242932871
-6.1278669739052
-5.216598966116041
-5.844482049709477
-4.785486153368553
-6.726876018537695
-5.06304242440111
-5.5887572880057
-5.33627802290492
9.836501194557078
2.2914118754126513
9.787102481276282
2.8354190697508
10.148606290009825
4.169440404603979
10.718466917667607
3.7154582613010207
9.50022259638954
3.410008889581822
-6.029523800482806
-4.549360414621519
10.146040628036541
2.4499135277923783
-6.008377848134107
-4.836605334875617
9.52931414786851
3.798481867671355
-6.497620939504746
-5.335640948761401
10.137675405048254
3.5999784732228175
10.102340706165332
3.458004512459004
-6.1264110710967215
-5.85991513702556
-6.429431702702566
-4.83864913558795
9.640408934522249
2.8562167328570345
9.996501612970224
2.8956612433754265
10.10979704211787
2.4088614274528766
10.82621974376499
3.7785342881000155
-5.84300061612974
-4.717160497560922
-6.328952868028239
-5.215211029308571
9.588220371644224
2.965100103385712
8.717475235760737
3.2149758062971476
11.377582668442459
2.754696765813784
10.006251309073292
2.931357292058644
-7.228952517148795
-5.754844691009256
8.940814812662492
3.837016556532706
9.406706515091692
3.7391501254630053
-6.436377197986281
-5.596854078769535
10.813805792951975
2.694339252457664
10.53833203986215
3.7579393645804613
-6.074200275008962
-5.305894812427895
-6.2254248781047306
-4.943276606494099
10.072292584023666
2.548079871665216
-6.279317783275425
-5.161409828861119
-6.464104966287124
-4.9496348413036335
10.034166705489774
3.5318749763646062
-5.535554486863383
-5.153179551912098
-5.962718702894204
-4.049662258328516
10.303454006165731
2.3356306706279604
-6.088166421088253
-4.9385955975171765
-6.528894902035424
-4.5571852737870735
10.158404615543125
3.331437091383866
10.001268569336094
2.48349395924637
9.685631878625188
3.9829418644883456
-6.241382480195385
-5.70417468233837
-5.734681755235691
-5.437472589464511
-6.291637147301925
-5.295545786440031
-6.159956627974575
-5.211716564888726
-5.5351080152212875
-5.299060688347294
10.110597027878173
2.66988924087467
11.06940000906383
2.1518453396190944
-6.561607361344025
-4.810373332787315
9.74593259567609
3.804235489744309
-5.846947742347647
-4.441115029258615
9.356034330227695
2.54344248307542
10.055345927019394
3.2577573980321115
-5.724420598936023
-5.687096940262882
-5.950180863851615
-4.895733826922649
-5.930605952472954
-5.311271985331872
-6.632347321411847
-5.077491329194032
9.934936884762461
2.7546934330433
-5.863756573617186
-4.405865880062333
-5.357195186933249
-5.320791276516658
-6.537081860817629
-4.300774167375187
-5.968125346506771
-5.215933756386327
10.171059226213904
2.5701421502795423
-6.349285867271038
-4.490516776679512
10.564313699221882
2.9507476000879462
-6.140393098988572
-4.971981286484988
-6.4132233892799775
-4.986927502232018
9.81117596723249
2.621735621621247
9.624165173764924
3.237342648291562
10.437487554393178
3.553114614541248
9.270006228661254
2.3719323375384116
-5.856085605551979
-5.207568640256298
-5.95829958150499
-4.4527675929799
-6.522620918711143
-4.027628732746229
8.614807493471089
3.34374944829259
-6.693970439059329
-4.380751254926285
10.160470909774629
2.839043939770516
-5.8169430211823325
-4.838720596866027
-5.523668048053931
-4.954756158994242
10.123814422974519
3.315391398459338
10.088616647213206
2.331526005808799
-6.482037761391596
-4.649483617347715
10.297068994784881
2.7316844014346624
-6.196284122589046
-5.470612748661031
9.248420695154124
2.840243132298241
-6.228563397167044
-3.8526043697311096
11.266411232406735
2.786198298388949
9.141419744098068
3.5064011747550925
8.747115131200314
2.538675175904402
-6.163455907006751
-5.724510435441719
11.097773044431754
2.7325441211110784
-5.548701137390375
-5.850535422428154
9.974736459665094
2.3782903834359024
10.415554716958264
2.962986652753598
9.55339527957977
3.1542980911520524
-5.496488650514619
-5.373920357577506
9.4396932613308
3.3122337766347725
-6.062215792958956
-5.582037036387126
-5.4829679011679975
-5.2317520508698205
11.22818782445654
2.6894973378331986
-6.497119584006078
-5.021152076952253
9.994063434708522
3.1172374694071037
10.226010138732075
2.3856554538885772
9.275037699636703
2.7936301468640425
9.291212745915713
2.8245377411796793
-6.516228594789478
-5.436251194793286
9.143708430436336
2.8899066596094496
-5.775793314484594
-4.641464535050597
-5.99491829899421
-5.519411571513608
-6.07515243811513
-4.4726077331987355
-5.913569251709968
-5.4890459701957734
-5.677064449929081
-5.143288436008132
2.1183214348931543
-1.2045923304161685
2.6341544492072506
-1.299145508896835
10.230616078487536
2.5989086380805624
-6.220817508682763
-5.52981973939015
-5.602134833071323
-4.192297043671567
-6.0304268696809045
-5.022832847244063
9.990673831139512
3.7420813369545334
10.187405249703923
3.2627596478638567
9.816562065187513
2.83829057109695
-5.474327421116308
-4.133992171539657
-6.245061719640027
-4.628295761553609
9.77326365548527
3.7697969207289845
9.654340852822008
2.5661817743808704
-5.835645867210351
-4.5607088322508424
-5.6832861178369685
-4.836933948713593
-6.383052972330996
-4.86621153877224
-5.323004682637411
-4.663277497891549
-6.832975856356142
-5.09845995589995
10.367225277476203
3.538272364940649
9.761725349488664
2.2312598654437865
-6.176235780480196
-4.06554158432916
10.090181762186527
2.963125789973041
-6.366617931462707
-4.952822131535612
10.945905065044991
2.7653720880519503
-6.287299873730137
-4.669854259788215
10.269461139790186
4.055644735555457
-6.040896117290157
-5.854552255923774
-6.409668269768498
-4.336932078510486
10.002707424446749
2.829794004695185
10.397329613665013
2.4538270881692075
9.902469895209915
1.965825254686588
9.799102933023434
3.7355388350201792
-5.886300682621819
-5.312839326725716
11.007209144767447
3.5875234276467283
8.923411954803957
3.3177669972073764
-5.90760929650101
-4.848055871143788
10.300327490698674
2.4575040172936307
-6.455595086033163
-5.24930205908806
-6.965429026964887
-5.30630986091386
10.378443375273143
3.1760301151220243
-5.63759776087587
-5.244290180952965
9.988647913425572
2.305440372122458
9.57577131367202
3.3697975913045677
-5.895363883816344
-5.123312361726111
9.642399356488562
3.1226789076117254
9.947777299001986
3.1482195541007347
-5.773681083259958
-4.528544658387623
10.172092342098386
2.572706700851179
-5.630421792059032
-4.8334866786549116
9.251457240285742
3.430392362593315
-6.419881314665943
-5.60554454100814
9.029707667455986
3.25382517867764
-6.282382550093976
-4.241254116906569
10.033189925444375
3.576177258952105
-7.010385938064364
-5.641615347624751
-5.640762437619588
-4.759287259212192
9.995647138605253
1.781602207060313
-5.977680032029319
-5.212721496942397
-6.973161139008727
-5.004449289621597
9.245321724656842
3.4933601788014723
10.609828288018042
3.050215802583754
10.318390995068055
3.251676421028826
10.07733488706994
3.1882152161985293
9.510196345992455
3.1343578025341365
-6.318038476766464
-4.591114032422364
9.789739659482297
2.868440973938473
-5.807755015975248
-4.142034103365816
9.678075232228569
2.7588315998499757
-5.608055899644595
-4.518181358596723
10.160388494435715
4.055408000641901
9.139830621852946
3.0308829952953107
-6.209317122862942
-4.76564173360704
9.713737795100485
3.269427254399711
-6.000930666463522
-5.472994744127204
10.22657797061229
2.4418676769824534
9.87666315202777
2.9905530719516937
10.044285040994803
3.330296450953828
-5.065423226025042
-5.172321980982067
-6.908961086923592
-5.15864023473445
10.74230489001741
3.5754785271732903
-6.5414346732989594
-5.114533105191904
9.230897489343024
3.7528353710902405
-6.447450817591287
-4.696550533007096
-5.5645739488079355
-5.012038465721545
10.00252935990968
3.2780790644746016
10.056043650565426
2.4915793915246174
-5.597753739966773
-4.624029686401699
9.977036076008424
3.4162896594579473
-6.46081938079803
-4.7113434976738695
9.478754868651489
2.9407562673906984
10.61498916242687
2.779146643297741
-5.890604017612161
-5.6240759903118995
3.51181152559076
-1.8285792022540128
2.469657561870272
-0.8304059062034708
10.198903444848607
3.177346903668551
10.63040848562133
3.737330056342809
-5.096008971358907
-4.837847594932785
10.312025288496807
3.0239016358693203
9.7745182655723
2.4923108153007236
-5.271395154755504
-5.747898876783784
-5.849219095493357
-4.68072032450396
10.175342680447956
2.9471118140066777
-6.442848870057465
-5.600854827717441
-6.428398914434841
-4.863590976951953
-6.093192094577202
-4.754618448114423
10.35122854188029
2.9825160310073153
-5.737410468205842
-5.026153282414406
10.360029098269216
3.5655594642859927
10.04847031838268
2.4835875775201752
-6.304306868629456
-4.710101884549229
9.143317337927586
1.735503446161108
10.167266168988808
2.7226624481445736
9.328216441701644
1.8063632281614175
9.90637591106515
1.994822738743129
10.439339284121221
2.688142656011175
10.069076904637575
3.232989095056753
-5.486341574403452
-4.884090373088186
-6.518094581535887
-5.07870216914021
10.33649969433929
2.111639629446713
9.93518488543565
2.612550168344302
-6.7967195537347935
-6.186450914683715
-5.654102105688069
-4.99432890401186
9.238241554060524
2.86126966887128
10.361277483290843
3.4654111736370243
-5.873183728244035
-5.464551536141546
-6.432983112613415
-5.291803904688719
-6.092842784054743
-5.020691743818637
9.311789270817599
3.8144864549746673
9.72673869909097
2.3977395897278964
-5.867045856489492
-4.982090183748866
-5.92084750894757
-5.086021391751191
9.975907924189368
4.169715329882825
-6.534161148643741
-5.356524809628655
10.206649855410845
3.2022351213232922
9.939866309484138
3.4102572492289465
9.251443798793177
2.8916200475200897
9.645876044445515
3.1554780575064294
9.9784914735218
3.4027466770443806
-6.30381941906302
-4.3961441931342655
10.555964743696652
3.3576137415441467
-6.804089856518213
-4.844793022298867
-6.303459748521588
-4.297950867378076
10.243197573950438
2.7562452042721453
9.605239895687157
3.5518424180109682
-6.070842809541202
-5.277687797752006
10.27906576868767
2.7060562377776436
10.03364734780866
2.6173568789331094
-5.774345136663801
-5.120575714875973
9.705353400817419
2.527713590042053
-6.379602274949292
-5.34833237070192
9.250929224306288
2.484435108708987
-6.201645436125557
-5.205626413716415
10.370324227260232
2.6666363213084385
-6.172190144093573
-5.312853094875391
-6.035104868530374
-5.236304546050871
-6.148968233610823
-4.599115086857642
-6.194008439459769
-5.2656996505243985
9.167081741418809
2.916421161526025
10.494118773171753
4.115674623293431
-6.6074021212982395
-5.135059825353721
-6.616110927095572
-4.594529204045355
9.903113963721989
3.5383788998570562
9.942247893381825
3.034643677356869
9.96983878727111
3.09201143635249
9.731417250499394
3.441153093545396
10.051776610855796
2.7303631996743025
-6.588241829072263
-5.010430041676902
10.159802423744367
2.65393400486764
9.41758152538651
3.042162484096467
-4.9675895578267975
-4.703747622008629
-6.062518617564582
-5.204402847848978
-5.67602282680196
-5.259434976082959
9.36340190626761
3.485297467463017
-6.780027868440575
-4.580030112499539
-5.712586092995769
-4.953822942922481
-5.179804402771412
-5.428343654490747
10.048023949596322
2.484079343132309
9.51931667808514
3.21794247295201
-5.418418390201636
-5.270187424098101
-6.315380913742441
-4.778473648215441
10.081818503259017
3.472335215961424
9.601734782087401
2.548092365356429
-5.988916933040468
-4.855945081400968
9.280711094038226
3.0950998324009746
10.591278174697427
2.8642441813946427
9.675985646187794
3.162855203156663
10.08885462424187
2.560443551513918
9.205123399148558
2.7446997115674683
10.561811358347
2.6066318233791073
9.045546281361325
2.54739341303732
-6.232497040160319
-5.074781756711725
-5.108542451306465
-4.6805206855229144
-7.070684791753353
-5.563976856685895
-6.2025604893904225
-4.446598937758132
-5.5095596880049165
-5.964107429585126
-5.425588319428143
-5.103431571230857
10.331901144171425
3.667350399953027
10.156119976129036
3.6922939252476907
-5.736461785810886
-5.340154065774603
9.674220813433458
3.0239915233048875
-5.75917024319554
-4.854015022112215
9.44134808377347
2.590960940762977
9.836107253745116
1.8010900944500243
8.995982110824457
3.4399207508408325
10.696036387759593
3.1118843156445273
-5.475617509581893
-6.168177411163066
10.081086209668069
2.6907810468331337
10.662440181792693
3.0219161358956597
9.999402013049705
2.719134210345096
-7.0569579438673085
-5.61013310804138
-5.579300013718151
-4.983071324976267
-6.448167600519842
-5.097343818511353
10.609002441102152
3.3355258108320487
-5.948527342665264
-5.151538676058579
-5.599095493373541
-5.25926710508401
9.867447682130427
2.955959494539911
9.73436329728038
3.257374553176277
10.351175899404181
2.4740228005173663
10.903853663582048
3.254495824267188
-6.30440515671273
-5.066639992753685
-6.57322410661228
-3.811682633491285
-6.035641490318816
-4.7147934043562865
-6.708673693328663
-5.060234792204176
10.399212470467614
3.202192320584104
-5.471322338268462
-5.738634231628703
10.800152345852014
3.0752334586089636
-7.126595382291234
-5.262888036542883
-6.108221064088408
-5.354940278677512
10.269216838492234
3.4561023728327522
-5.8890810578607
-4.142625758061784
-5.767171175779703
-5.24843849057394
-5.988676166504604
-5.291447131391221
-5.539967036782205
-5.80000085321131
-5.443427691050444
-4.600227107724378
-6.317169358597497
-5.226126808744757
10.214883861461269
1.8343249239610568
10.585829325311083
3.2108753720651118
-5.740603777132135
-4.997139115181721
9.753047395506082
2.526105065426148
-5.7376915791214085
-4.901747644068665
-6.194039336376958
-4.7739287645280335
-6.688202530669354
-4.641845411008179
9.948762876426919
2.938022789056848
-6.033950826456149
-4.5482910597493085
-5.986737078027699
-5.609984316834126
-6.391547318045995
-6.288375105460849
-5.731374397513744
-5.394557536373375
-5.649950653775993
-4.901130783852233
9.82165908730094
2.907296807151285
9.356104118122303
2.6570909788840815
-6.080907414177425
-5.145220737238575
-5.631230677078952
-5.676041749292042
9.769820162621054
2.9436744936238
-6.047330458748827
-4.141762754420318
-5.193739055613936
-4.221914254717849
-5.177460193866556
-4.666843135737678
9.224672591890387
2.862285491534635
10.249966456448167
3.1305771388742616
-6.20506281825046
-4.916869941819747
-6.115428166566253
-5.8737469582522674
10.501959013456409
3.240154282175977
10.067798494182568
2.5407108883383214
-5.622008031378592
-4.2799807806396375
9.775770303107956
3.0460331454963394
-5.867550708760779
-5.419602338040933
9.85812623622305
3.627837640680145
-5.603095495626311
-4.688613442757109
10.00770070668057
3.357047282106741
9.627326902085915
3.21263002679043
9.434205446562776
2.8470430185574505
9.95494503626538
2.858605113063053
-6.074359874548271
-5.129828524504554
10.349403777344643
2.578803459391232
9.071289106057675
3.802444841045891
-6.825729173062097
-4.99702684242517
9.226833297323267
2.6972052553624852
-6.157967523866735
-4.781017949362061
9.830708474399959
3.4643330475240885
10.503989060094712
2.3305547361040126
9.980740717061371
2.356543789136408
-6.047407960194403
-5.599141893862479
9.627466416030282
2.011533351653897
-6.13853813562156
-4.6147234613295876
9.632951789156747
2.9559259540440106
9.647605680954266
3.3087752889714652
9.995443732436222
4.241446616823731
-5.783804876770986
-5.219511471285961
10.80174233476791
2.3201010686251604
-5.924968052116334
-5.573937154613919
9.617244264925523
3.5441995242022415
10.427786061376718
2.875633405553158
10.23916173545758
4.172863238664901
10.422779389742011
3.076592452394407
9.903942450125047
3.967507977796244
-5.755162407158382
-6.466385714642559
10.082018809958962
3.7463968342090577
-5.994782979832229
-4.924178585651626
9.505506632363819
3.192959549449479
-6.5494301563434165
-5.197606061359916
-6.0805934273217614
-5.52227140570025
10.455206656600202
2.9910721180640154
9.802664888729876
3.0820674173966203
9.81523154116372
2.939339913459777
-7.231436506680828
-4.998400908814119
-6.411055394916941
-4.2559566028146385
10.115092850717232
2.595812835538874
-6.503882954871425
-5.476529411726219
9.503216714532014
2.955990903087664
-5.820695708986939
-4.941013530805145
-6.3222841991164085
-5.862066492125209
-6.100840842411236
-4.814954240904897
10.24479968871339
2.749744956949497
-5.9397656445406595
-5.216582336157033
-5.917687353124715
-5.32069990044866
9.937201330088703
3.3984577434186094
10.117999340740537
3.150081901153119
9.06300225479707
4.166726368895082
-5.853659413016238
-4.77084222827599
-6.033333526460322
-4.413196821867191
10.002310575424755
3.3954477861378516
10.171489986970485
2.695996769309557
-6.326188189555183
-5.257128766809547
-6.217196751398351
-5.434967993333101
10.074148555098692
2.4836348374967123
-5.930269054236475
-4.870206922545646
9.776586231021437
3.824088233799991
-6.807866785781944
-4.947288039537804
-5.860339569272232
-4.712084639366557
-5.958511098889804
-5.096069596811813
10.24869753394183
3.8700262193764483
9.431556056003274
2.6913747103558805
-5.744768600537564
-5.242472170967582
-5.696295416110711
-5.160430968476533
10.31057512017719
3.160879105845602
-6.551572587701715
-5.400592621468037
10.506651505662655
1.7699213218434442
9.606824810916942
3.4930625288131067
-6.900015053762959
-5.859635631839013
-6.075128259621431
-5.099493689719522
9.596858485085283
4.256889193999771
-6.240639674972532
-5.242476492720357
-6.377942709574531
-5.116172011532877
9.578162002346655
3.63392794893051
10.358643064434533
3.3241056632331714
-5.710610316252632
-5.585553226480325
-6.4638862204681775
-5.861715945783818
-6.274683516799716
-4.606085084600489
10.060306836345587
2.6044888122137584
-6.270600863616312
-4.575211951058929
-5.742373399057552
-4.443314348276377
-5.382976229344275
-4.354609163309416
9.258531766725113
2.7145913495700302
10.278713913262228
3.6567881419858104
9.679503574901805
3.147088151437798
9.71002126477091
3.413475194488323
8.63815996028185
2.3036297294673087
10.219761939085702
3.6449604966698548
10.242128625395686
3.3332259832023943
-5.293453021286551
-5.5717909101248795
10.670636123835928
3.9154600432523408
10.448015363727635
2.3686644359019393
-5.369380688138346
-4.46442218297923
-6.098969023787253
-4.817259206398452
10.399346325811527
2.3554195690655586
9.635966718933298
3.0605491145758297
-5.66323960270517
-4.756331990350697
-5.068537984193601
-5.456255752036938
-5.604755533077083
-4.781903267296169
-5.733687781959425
-5.211446333662142
9.264022943820311
3.3604607363534003
10.567358231437211
3.6880544058001594
10.391572091254364
2.250545627776811
10.293113057606138
2.654507134114784
-6.523691388893137
-4.845081948072719
-6.591390763992321
-4.189591937253123
-5.01066198147642
-4.762704786805837
10.049693630875668
2.2386939372411234
-6.336148543660843
-5.747590121124766
9.045713483455831
3.0051543542335355
10.698758805394379
3.711438413124642
-5.7147793670798865
-5.464953933896021
-5.454127155990735
-5.273543480130603
10.642121126250492
3.469551954324123
-6.360492675729485
-5.289116788315516
10.38641846619079
2.503583744196442
-5.1760077110679354
-5.489029963812299
-6.910185865505327
-4.942629812997467
10.080027303453758
3.507789912820147
-5.535000408338751
-4.343266495159954
10.571729212527615
2.9796781424422165
-5.669858226164606
-4.612899581463393
-6.151220841500018
-5.224896212050747
-6.965123992658564
-5.174028897863174
-4.622393574470271
-5.792821473980559
10.003647448884063
3.5416017237143116
10.304454394845822
2.734119598336694
10.250445902707902
3.1765763287908424
9.614992031659657
2.235493144380362
-5.944215532405776
-5.564313402076701
-6.04428547581788
-4.712805899965936
10.648707068302153
2.566622150369475
-6.074023803364978
-4.4749571789266085
9.615271668281466
3.1635814819811006
10.212849778135594
2.433378647904284
-5.47718059752237
-4.912106656537241
9.456234547241593
2.3443011266555605
-6.527972691880098
-4.798538692379122
-6.035568145287194
-5.218014577878634
9.338568186895484
3.454128921101422
-6.040539619827061
-4.909966588212622
-5.779913448827869
-5.342229823130645
-6.756557733270052
-4.023065998459503
10.481155303382423
2.3599525311255425
9.608713366926818
3.293679446481421
10.121299526869837
3.3240617202174834
-5.292049438857704
-5.619516153610969
-4.813242810109732
-5.248923538077143
-5.516466469433689
-4.603003655874106
-4.822765868445976
-4.538776052561871
11.157188248753716
3.892821880815583
-5.92582686782395
-4.984773974683664
10.648467192452403
3.1524857214522988
-6.130358846199268
-5.209103904961472
9.292244351823065
3.3276373261295005
-5.956837110746343
-4.442751568951736
10.277169737991052
2.88673643651698
-6.008790526864948
-4.924836579879025
9.700218571954666
2.9894883429444024
-5.970216024051675
-5.520011755440399
-5.596908993467256
-5.070134915932559
10.000255483195968
2.228651841508258
-6.5774311153252825
-4.9326507134733255
-7.02055357639549
-4.563830741268734
-5.197835207757512
-4.707351011240762
9.17228605485354
3.6785909251599085
-6.028201024120318
-5.241100725279055
10.101108554281712
2.701816044178094
10.295127156536656
2.0246409596944233
9.551649166979491
3.014367416139511
-5.6444526569074975
-6.111147799998744
9.642585342095302
3.533168932671557
-5.021014960985858
-5.100937823148487
-6.01254195194034
-4.134531418896618
9.285281685550137
3.280341606726395
-6.184187641820251
-5.968317742040663
-5.016777330371711
-5.682193050870758
10.53392633354828
2.209364097012982
9.905118464553656
2.9772970481430856
10.351415113802071
3.215108659287358
-6.516047690064938
-4.792464234164794
-5.852006727765335
-5.1335748979848566
-6.248166095711005
-5.716343400129916
10.380877171989233
2.7258275881814513
8.786306575464941
2.989078007231211
10.242627293596202
3.9765784870899976
-5.56624815425562
-4.424034306883047
10.458839398456812
3.2319095054150684
10.031764901637542
3.3508166069080874
10.402954674860071
1.937825313448558
-6.835332519445391
-5.292227138170443
-6.300358448494165
-4.664736159495879
-5.866778641718127
-5.522583865912885
10.418048586037504
3.6400841253383724
-5.446890940763519
-3.99270375161338
10.048012204581394
4.186512149861986
-6.104706200517111
-4.646741008776198
-4.860861221682108
-5.006492553562167
-5.579901985734845
-5.838316315566344
9.676829884755465
3.1427529312957967
-5.763704807089538
-4.5872723679836325
9.874436922385014
2.6546228153596774
-6.284126268399513
-5.854516794207092
9.840667851002014
3.025555198005679
10.724102594198964
2.79911482037758
9.361181162372569
2.195683492043048
9.864468219591867
2.4786273667867325
-6.120734258005588
-5.817108293754636
-6.240879582571652
-4.714069022438813
-5.767952948355211
-5.122682947388073
-6.013726786606898
-5.145978498799146
-6.334966783188363
-5.002735080956444
9.948293570739562
1.57485708551585
-7.108158694649045
-5.300444111509293
9.263463398465625
3.1958146076807896
9.829719142301839
3.4559888956421094
-5.55231567234495
-4.867540041555208
9.92828740669269
3.6979933775983214
9.361902902677063
3.5412615456869845
10.087362238395668
3.5651277971190183
-5.967558046389919
-5.585250205293893
-5.805733229381186
-5.255387393460458
-4.960213950589349
-5.498589080476575
-5.479000572930888
-4.848415772271842
10.211987246642154
2.4227905830469147
9.822075012445746
2.850000572376647
9.859363388227331
2.7027763632612367
-5.2103939529906995
-4.742721502008755
-5.633118945531456
-5.67324426923903
-6.305143378710092
-5.463944293565014
9.376299465520695
3.485270183837203
10.398954679620445
2.78419471469811
9.430362615911125
3.054819523771778
-6.048488930621311
-4.303402913018461
10.19398518241507
2.9885423474064092
-6.190157229369074
-5.751784431575989
-6.411388933250434
-4.763424557829297
10.518922220453167
3.223604012716758
9.724481841088009
2.6248139070792074
-5.833696214376868
-5.4517147648974795
10.674639698807594
3.2722109852211525
9.200520497113205
2.60921503976268
-5.973814057609262
-4.238421278971163
10.303300869841744
2.423177126966786
-5.764986513484043
-4.188885132124284
10.032955593500885
3.155522963341217
9.063975925272848
3.6732033342875123
-5.631590243092022
-4.424707212290989
10.722326308143316
2.8170358785637046
-5.3871554710304
-4.252445549870787
-6.185895350506972
-4.64024039335467
9.861040511596942
2.95820697094778
-6.04335821490317
-5.224361376492494
-6.392246486664784
-5.257242823089989
-5.5262778575968525
-4.421345272177428
-6.2264984932018015
-5.885256741310566
10.302827317721125
2.401941692500407
-5.656958403085717
-4.905712678305999
10.180845713862274
3.5550180751550826
-5.070897499763018
-5.429349806647196
10.528941651734362
2.6025951097199362
9.129619978168344
2.604020292112806
-5.891125697657022
-4.7869554482700405
9.876742515627283
3.737111985381486
-5.739665544270947
-5.281503014014578
-5.065736511265674
-5.476250887150815
10.33308900739469
2.3692070126219904
-6.012380983224636
-3.7662655374529637
9.961902252003545
3.464626551480522
-6.25570756053634
-4.6581456770375524
10.578687720047508
2.1716702845217983
-5.801624610299677
-4.49891646898899
-6.0930703888698305
-5.027227914475783
-5.738077711694721
-5.394545601315304
-5.707458448442713
-5.300418208815693
10.30069887053369
3.149466097026476
9.917781617061081
3.5619599326554376
-5.765855806083377
-4.5478092984212655
10.062802105997632
2.450709329408918
9.733132329304471
3.559290166620267
-6.090644291328033
-4.2284619130980525
-5.294409786894871
-6.101533991327822
10.232273585507006
3.1010210010585424
-5.39639869819237
-5.6213947952072125
-6.977865397289204
-5.90389579235568
-6.026448365838177
-4.663043099911567
-6.235678250455765
-3.8759300449566343
-6.072291037067817
-5.059284229588038
10.026483606707716
2.975574234544004
9.523670892940933
3.045096710009243
11.176082719234108
3.1439729022451726
-5.546457772290695
-4.729275391336027
10.372239597756225
3.57162190796853
9.439123596534635
2.115950276643529
10.210929799970287
2.647207804761257
-5.87035912093377
-4.639030228303044
10.43311432130058
3.62879564034256
9.732866455747372
2.9610938032452574
-6.821958216066397
-6.268272174765403
10.376841615443535
3.395598908787121
9.595183928847618
3.1616425265994215
-5.40438146181189
-4.9641882545788905
-6.894540895695265
-3.9211252118437665
-6.7339285801068325
-5.291188075471262
11.448429491554105
2.9085285982184317
9.401295574273485
2.5233839886920535
8.690819911263006
3.318500361145116
-6.982035233380685
-5.070778173262081
-5.564268845461351
-4.615929442908072
-5.812247404284216
-4.54852766780058
-6.276680872732451
-5.234643324636056
-6.551367292347537
-4.655182091071785
-6.687728821724878
-4.974608616348955
-6.805931281762549
-5.812617879966061
-5.862099372425125
-4.270375871293713
-5.4286794801746305
-4.7887560511102585
-6.2302880933078955
-5.017574688717954
9.918545651706319
3.140748447721056
10.188301838341523
2.8864082142462824
10.276425118821585
3.3758407751465884
-5.915080169077883
-4.381251267068977
10.054021536866564
2.8720010236928566
-5.32469542266796
-5.534512987783543
10.75908798151325
3.231037496291085
9.398558821308928
3.337725483681314
10.124720512723979
3.815247440924687
-6.051446513569819
-4.866639594082327
10.793851234544316
3.8342953738333447
-5.730080471586439
-4.931033507149354
10.610184061308313
2.868240741435832
-6.439334884347942
-4.260390482623471
-5.621068970519281
-4.545091056441506
-6.2592134256342975
-5.762442859659784
10.28313022531678
3.0587016426632934
-5.281334953067703
-5.462256993860811
-7.4804236586153845
-5.459200169609462
-5.966315296153585
-5.6360451416842094
-6.530056345547251
-4.721038065648797
-6.503334854779234
-4.824471985292766
8.823620310812252
3.893182348935374
9.33445402487589
3.244231395536369
10.00075378566942
2.4146928531991088
-5.899249066268419
-4.746897371719257
-5.872186783447766
-4.839244116740053
-5.918545618278275
-6.053355475448646
9.835095306250071
3.0821748577472405
-6.128591473734033
-4.790358568186371
-6.176873464667809
-4.895446067301913
9.761083674966251
3.0282399849563313
-6.667701846629765
-3.657721613447495
-6.1145654829824885
-4.934802031173901
11.096485650454044
2.6340884074094375
-5.492521686015502
-5.238242642688686
9.935176280557556
2.6337072647160307
10.908094953437267
3.7913555535229033
-6.5430238716238875
-4.920630380215234
-5.27217029458225
-5.0557875951069375
-4.924000159812511
-4.963270953519305
10.682027627120391
2.9754133049968496
-6.082729174198392
-4.825583985169832
-5.091652723020074
-4.748364196675889
-6.524903067643946
-4.320262612868407
-6.195788137963955
-5.498542207925635
10.057780944876043
3.396565274977515
-6.272151766545343
-5.815984506315334
-6.754795725166439
-5.638865854271627
-6.365323088447087
-5.380754295797081
9.803756926158167
3.401069981427158
9.711169815528931
3.0641672957958663
10.167756317178258
3.040536515286191
10.748457269275377
3.5355783120463933
-6.414249246869058
-4.974630289558935
9.26735970812862
3.530187088032033
-6.265290694376168
-4.337412785193833
10.552774265789209
3.122769910599311
10.813336966184393
2.5622539135339326
-5.032006622953732
-4.295540036924985
-5.987448581742534
-3.9528606763266607
-5.8396812199144925
-4.9189151763580945
-5.124319368123777
-5.045988819237219
-5.5716200647827705
-4.483231819050458
-7.069571649253145
-4.987141903622965
-6.631407694272203
-4.044191325625078
-6.408936245190794
-4.968518647978248
10.474262835730356
3.9000485622465924
9.938121618431886
3.356551834456466
9.776339938641092
3.6147853030240578
9.395622801118751
3.2915206292341876
10.165940525869514
2.528083697844612
-5.78192868766264
-5.05573727460485
9.56837117346611
3.3145185790804463
-5.460229904070977
-4.566833869427799
10.695071975995283
3.412167911625139
10.297112662891118
2.698355595598946
9.254489951440485
3.248922833888382
9.669203623027453
3.5240703437132246
-5.626002628014411
-5.667149090021953
9.371973403036097
3.5069434454681274
-5.717462069352884
-5.6136605467859555
-6.372132303499957
-5.389569714775853
10.190815313133275
2.235735248126733
10.612403717459069
3.2443663363875506
-5.1888537419460405
-4.868160667449105
-5.403245605288749
-4.4388965581698505
10.627289673639366
2.3345347258469076
9.537262186812415
3.012524761879558
10.828011998315725
3.66124306601751
9.47025205818908
2.2346163806187085
