8.332116499381563
3.77189335249423
3.728274442044854
4.012355028183422
5.295826179864623
17.834098413507583
14.308266360950011
3.845549574609032
4.94230747384161
4.921696949882147
4.86623733879192
4.950720404170041
6.939773013777971
7.759431425884298
4.16091479603058
6.550650191212018
7.766497179779403
3.9177562660914265
17.804968189056076
21.10577567660336
6.892383935518053
6.732826247670553
4.133440690538626
4.35045146092299
4.535850778408207
4.053106738119984
3.659531230113064
3.6504954827501206
5.343496431193684
11.561079748180855
12.670442240078932
8.663647538163804
6.224359487986533
6.551110258158665
21.735809108701197
21.948077183822214
2.985840657236521
23.23621370449353
20.47810161369413
3.2611595144540115
3.5889339848157253
18.889295805085023
17.37054858094027
4.536898185047902
14.648111392738784
17.802592936171205
10.662666990440387
4.359410913144907
9.898368029985544
8.836065510055214
3.0000247190568725
3.4737577333346614
143.44414471002904
150.3996947352822
104.22156342253916
7.972506319405307
8.187973130669704
5.870232468259767
5.922141125418807
5.904989908535131
6.870775393119003
7.807957565932351
4.398549789435299
4.528585341302695
3.9823739526096564
3.1929718946950514
7.443951646692542
7.54326017054138
6.011072355789036
3.827900416411317
5.278581969997318
5.427919886040991
8.98223476785216
11.981516918611518
6.503372476581288
3.7798942727369207
4.3754258257386915
7.475098955969795
9.786659009428302
8.460802091784235
5.786821392334011
5.039423612674295
13.106470251422458
13.38411916667117
5.420953533756753
5.797364285249039
82.57875521191676
84.15848349390839
74.79210203985497
3.5028687804849863
3.842218555786537
11.64721484419112
13.072620393509787
7.886814851628501
7.877389657156029
3.9090621026234187
4.3853268575902895
5.8573005543312755
6.440014415382385
7.07137088949156
6.5343527298420145
12.694816016328453
11.765661641063813
4.881657460754492
5.049252300792303
5.632233099348465
5.3020925543431225
7.9328091857142775
8.284485513307828
4.639771463958199
3.644588012627789
3.347662762933553
3.1584861433750326
3.1875726512629767
3.612639283464607
3.8388815459849828
7.477240328936739
8.252273686335243
4.404044839803448
3.8482036776608686
3.6469095408730596
3.659555330296912
5.437033711766665
9.13236111232004
7.96244035529372
3.58366129372576
3.5749452451936827
3.1669981749757734
3.77335908870883
3.888951560553484
4.669148266720643
5.112447477996449
3.2838845292423753
3.59376775373417
5.159986312037477
4.641129187781402
4.120129289055542
5.46537994880455
5.315182720838996
3.37034051356226
3.884764309921603
4.47784500572566
11.129017351983268
10.234569492499151
3.266794423283348
3.8233116743594335
3.7149991711324706
4.256473875714429
4.159984616261991
3.823084910262563
4.296696139873138
7.7448018390571995
9.138681193898904
3.3807584121826992
25.510343810039867
28.037240693322005
4.237371486580323
16.410529925323946
19.86868471866788
3.5723886338791795
4.3616229178922925
3.4422706709876594
4.228256089326903
14.394221845562196
14.304367350409448
3.4650672966955027
3.533827582436903
8.033120281858526
9.370419790372274
7.3223810755575975
14.785311038781428
11.868445729395496
7.46451437406513
5.347948181885917
8.378871537806438
8.177991023822564
6.447686380968793
5.203376116583521
6.980512009989905
4.829599184890058
3.888383242349987
6.532341173815013
6.778239357786322
5.280643229853438
5.375031220574626
15.508532273239421
13.43654161630684
3.5048505269527412
7.745500129883924
6.750876841132567
8.115630958711915
5.669285983637974
3.7485651586318456
5.042536060767139
4.57288248620031
3.841586110300527
3.9960341226678766
12.74790549501784
9.611039565471845
5.465673892545127
6.510396307383373
6.810981388310863
4.385061097768545
3.8257827734427674
3.188313689681286
3.1716299482705224
4.532538988339931
4.869004590982757
5.5280242365589585
4.643694305368431
22.72217784725168
21.876358318690464
7.444016730912104
3.9985402802523935
3.9932118312276668
3.710300944485735
7.183208437597504
7.69166074550481
4.559032161966857
4.243557575223996
7.189143714613291
6.327570637631842
3.3213578391880185
3.200904956629943
4.310544124161915
7.255912916737368
8.635322129606488
3.151071138323268
3.2781177519604228
15.884775761789733
33.82074167978156
36.002756774467734
16.673969968523824
13.555826899554694
10.708330508200401
5.746802003453249
6.22115999707227
8.404074434284958
5.350106396947228
3.2755924400620358
3.3309178867245373
3.100002151615671
3.5047510091385554
4.383744420371013
4.170722762386876
9.68360528809653
11.062041450169186
4.589540312758521
4.350012326205736
4.238292456002165
3.597257705587751
9.11681789294889
9.0561318118145
4.73470283374134
3.120500555247336
3.1843712367309958
3.55246040650425
3.950964832961522
11.950591835866645
15.448190210165883
6.175105319173684
6.7307004188836235
5.754830187116929
4.3173814262190415
5.558829173703714
4.88104283289551
3.4623011829566677
4.147020349004817
4.59777524340121
4.094978673367593
5.95091373213124
6.5384443693130745
5.736199131600167
3.319191308544281
4.297839237127518
5.17956105129841
3.8372452641813055
3.5857016728679834
3.1615982949319332
3.171597473258852
5.095011591773551
5.718041089235321
6.578808090908387
3.970563288460396
11.112662717229837
24.75209329054108
24.27540377614921
6.255927239706588
3.3712608919343747
3.824257839468952
4.440320991344626
4.347362785014906
4.368835736639922
3.7290071383088286
3.854348706068738
5.19289953734226
21.489548021414564
34.513469675603275
20.867940832559025
9.583701298459443
12.355390451026814
19.185076599140288
16.8901733415672
6.445922982918229
4.152298218351931
3.7984833487322907
4.243757821174781
4.613577361946987
4.528712486677919
5.0313740092241
22.6267686942348
24.802709270746686
3.0580893483932914
4.188685030567641
5.191944423125441
5.305865717389102
4.9041753382949045
6.695753559819257
6.331842195956267
3.9218104171572827
4.076181999667424
4.432117820173375
3.611845821240559
114.59137353033358
64.43825287593089
94.08180502964926
3.462268040782194
7.093198369635575
5.888659685200747
5.4187517652816215
5.037545654213947
3.0951504225275754
7.9631571697386585
6.112172393165986
6.0754165044458475
5.694759405435549
3.6956045800454786
4.261149431872567
3.8254482353822707
5.651362819975905
6.648957417774272
6.566108133186064
6.128164914553931
9.023859782727326
8.79676545250869
3.5205478663921395
9.641971681191455
8.187110309088137
16.459744341345782
14.21506082271786
7.145636851663792
5.364311053123161
3.740467735871423
8.785269917484017
8.658139615281815
4.990772169858952
9.970249194123328
13.655722614118659
10.61609663305715
4.262687757693859
3.8505406167987575
6.861247101337876
5.8291986044645885
3.880100720138196
4.360369088975707
4.421708101696149
3.5121713701885136
3.2592820386460875
3.328758523440056
4.021831789348307
4.337456418137359
3.8011473972685
5.879569864957068
5.06357489942478
8.167406154905736
9.475340940622656
6.863471123795628
9.260100943937532
10.051978430817364
15.032300688802188
18.298382279148328
6.65826366476719
7.176135004674052
6.092473240916117
4.438170950800922
3.379835359046995
3.1787312111811845
4.100695344509402
3.613741328207333
6.776727510931089
7.084920326576674
4.073733916058231
15.906656023368816
16.545468037742225
5.884144549657444
3.911311825877028
3.853121945344218
4.0207888203982165
3.7392628133973886
3.0946939477631754
10.784117670782265
8.916988808071782
6.859389467071709
6.72870197361745
6.120055987058656
6.792319203005715
4.1048451701314335
3.504227326027774
3.314976697789132
4.4978489097758905
4.016885864508471
3.5961476468545617
4.625589615423098
4.724928049490013
4.88521315987228
84.92707926740096
59.287129347552856
63.95805839680503
6.511370878987243
9.968031652458
11.201822595207341
4.068880335341804
7.358300092024799
7.825028252893614
3.3110459048279175
4.203673290985
4.531820406509009
3.5381379127159764
3.3845899293790302
3.791506697622134
4.726242626453585
4.227553771236129
3.5308284648119423
15.127173660531207
10.86063657987673
10.216483925341816
10.894106716534177
7.55377483360654
3.7903954332013687
4.200097972785509
4.1298451461211645
6.094502642351367
6.214484197052586
13.813783853428763
13.251524569750464
5.3573749968565805
4.807222753728036
4.2324243768555485
3.6144635222260013
3.43195906560464
6.933465713035229
7.640470699961173
4.487590213783223
3.153822257949082
21.95763127752869
17.0028049670078
4.072679018123262
3.335059435379335
4.937838461729557
3.943753777642586
3.4823774479198595
4.852278271629469
5.168326574425225
6.639120445413709
7.678007669521764
5.104740069594047
4.489739360774747
4.390370403143761
3.4162286159932735
3.2619803466686235
3.4492750097255898
3.580707100831713
3.328901827328317
4.630995280370167
4.773135690510747
3.3532095734092424
3.4749051710537935
3.365572130597993
3.4640314443129205
3.8115574516101716
5.59194028644446
16.654129663864737
13.77965808196995
5.240343603159118
4.366296881398215
3.615162182072002
3.0838793131797138
3.814694116573558
4.000865885714724
4.01112305081146
3.9615103020412064
3.702425451164761
11.786978576524193
12.44558855548255
3.13894457849123
4.0565109174999785
5.899925017361693
6.546951314898042
8.660157787651146
8.307796427955486
3.29918291700062
5.162335184997979
4.957702761119434
3.6566235268419236
3.8469888150902536
3.695409372304299
4.669010584555458
5.320907694030493
5.138125707502548
3.54595847126363
5.381647097926105
5.84129349548778
7.2588483030375
7.082707307004395
11.651691299217982
9.468737498642824
11.135457522958468
9.716807330466567
8.535871893873596
5.7326069714281855
5.80953113960891
4.962845420332481
3.249599786176422
3.1153406903662746
3.638511492098165
9.434704564031387
11.583251937265157
9.066461187890809
13.052504453908785
14.034409290373524
4.717069799681585
5.572942328361005
9.1204952482304
8.04852588327813
3.330317880515985
5.0366863780287074
4.15062938232109
3.2396169156390457
3.3799920763060407
3.42358587663686
3.8246979075494054
9.213794991686605
8.684376558810671
21.48376392197846
20.548921752174902
3.801899197238732
5.176290402412274
5.295222783247279
7.924269329973388
13.68819849129024
9.282909108103645
4.269655358438549
7.552924435513087
7.739804387100751
3.5300731287043483
8.210956379042399
6.200305762472867
4.183727976949045
10.797051039000017
9.346016254004558
3.8058983912756155
3.476284594224044
3.616035910582271
3.6382365649273756
4.427392831375883
4.712818593244566
3.4591865508553554
4.3424224953693376
20.24356638094215
13.956320566799429
4.031287645807246
3.4394371711118183
4.081294129974976
4.204353000402745
4.686446250864474
5.213571106202055
6.428214060188656
10.7504033324194
10.524469038836804
9.832133318001839
5.046799175382091
3.4066730786161314
7.810009690700866
8.506417110079186
4.7954477849327155
5.772295355767153
7.145933392350662
3.5111867361592344
4.642714808881692
5.143776050572411
4.231183825829088
3.629009946370569
4.292426180706099
3.769983930655784
3.3899238161501466
3.3779755676511276
7.871676673965704
9.499393723947973
6.5949665176097065
4.71721585990495
3.6444851904804896
6.313385062256483
5.630364010269736
5.735058631441234
8.393225780968814
9.666252776779546
3.8146650053224875
3.6821066376073266
23.247169456223286
24.852121894462872
7.834186123328278
7.359255451204988
5.401148821594677
4.728852334234884
16.142106566911103
27.158994738361958
10.180502821765888
24.589139189954377
20.962632250243505
4.44507568566708
3.444537291425517
4.157275940754126
4.031625733881728
4.6224753156542135
3.480590826838549
2.8994218742763302
13.58838810539258
15.239281055791462
5.462387255136072
3.7173562290888627
3.81817945412717
3.705122519409589
6.792037414375995
6.786489683757676
3.332346135484039
3.3399188973927094
2.609092526174876
3.5359640360818854
3.351321242659074
13.7118445482132
14.993463680080175
5.036064571788886
5.81969376849282
3.2959997077972343
2.862292859921045
3.235971603595449
3.6827698824118973
3.2846526043221242
7.250343243575673
7.633281051062307
6.799563293715218
3.046065039879297
8.288719650726241
8.996855917799731
4.021463036368998
4.099238114722442
3.842247988838799
4.30589066772639
12.396948048969675
9.562983096556845
7.992853377041368
8.020035505643841
27.407859578232248
16.242174613501966
3.2318408320598326
4.462478249132749
4.59336681635266
4.086830553199757
6.8080655628046145
6.107114324277376
3.2920147166565044
3.3494300053927577
5.9219653868423885
6.579583741863878
7.920177564175673
5.108282132370246
4.719744243539897
3.5327685844300674
16.173066125767114
18.85300728512631
4.571471849398881
5.4746525115793645
11.82016349103953
9.888660585260443
6.801101421062945
5.501454120883107
4.997002162398385
4.397873150597587
3.8336014253509676
12.790254864556273
10.580523450529128
4.731397196763903
4.467683410477569
5.996110342703037
6.619564771383988
5.162748192783304
4.101374882022108
6.9660221538170175
12.929167130215724
16.84739560881097
7.632845075782428
8.964982315157295
8.341585293691258
6.13900054683868
4.170456245050749
5.412081965947385
4.376438525100431
3.8688104456560914
7.261562867798889
8.833054286823776
6.541978205459461
5.084050654519
5.998901045387368
5.072746652638373
3.370343753621026
6.7106765736727905
25.51162541680232
33.614058651508614
3.869374820280423
4.074352017176457
6.049021858493566
6.0994375386669
3.710904186476747
6.2873927369514995
7.164204020739694
5.288260591605804
3.864911382227492
4.888981445448608
5.318311792942513
5.262392879886939
3.8878670401151423
3.9383969921558433
4.1349460704261425
3.713887111757665
11.089870980975059
12.105949247574701
4.385115315713502
3.8439137519234037
5.566955348020617
17.70384620151396
16.726989936417734
14.299474299994198
24.931520619113243
21.68535148835065
5.543733767707235
4.2617172051597025
3.6912667569341746
5.398705546984079
4.5031127732465
3.302340956455838
3.2459870327544538
3.9416217660839696
3.3645579756192645
5.40515898894152
6.155854167850453
8.001566127715499
10.162768424295301
9.868642066269826
5.478360888274506
2.9601062547210155
8.10377746748097
6.565670631357438
13.052811302276048
12.316577693385657
12.806085203547918
11.382753655534708
10.682695478527537
9.428803887588296
12.293759288933845
12.853856680915055
5.334526846869275
3.6992861056844117
3.9475074785856163
3.6090785484066354
5.185758125259652
5.354265635398672
13.169723512604456
14.706311751247476
10.079004591155623
5.572832389242851
3.7991694804943292
10.781967700424099
12.930641778718687
5.381730682494581
3.9154563144054477
5.282981966740213
15.726304848267612
21.51458031631468
12.318106996402133
14.562745740693433
13.948506907375053
6.734310733739859
3.4873549916041227
3.799963506502564
6.781199709324678
7.446660375595232
7.0925689685681155
9.8608564711747
5.472330454912473
5.857423572101536
5.3161463008685015
3.4714538939923485
3.121435052155033
3.3279363815816323
19.672751900317746
23.661601871257712
8.062933676485704
4.554597985968908
4.38184437693729
5.147664083947835
5.521932192173003
4.695366759079948
4.511468502747572
3.522390051319537
11.308544315996109
8.921246015991171
4.951645391822441
3.268048573266711
3.393776792333763
7.800727881416342
7.038843149605616
4.8899716440960725
4.22464958214094
4.444707148852265
3.212945193267117
6.464230643684539
4.874111976242731
4.823045940563932
4.526206879081656
4.051625745698366
4.537697391633024
3.6551372279475607
5.89190171453025
6.6620758913636084
7.337415994175517
6.290023455217437
6.931933424917301
7.285401069299994
6.678674632948284
7.716489096670516
7.394683340432262
7.648515368173914
6.026688199291691
3.0345420782780805
3.413446738553538
2.861492289714603
5.3575309995216625
8.236634627000264
7.83350715390227
4.2631442935550306
4.046736136576077
9.242087516939655
9.801139868419368
5.042680553552621
5.569066083284068
5.200469998817698
4.208911770026267
8.240580345518783
9.26271638612527
30.082395751195012
25.63120390070304
3.427442092656
6.472797141442885
8.059074162432573
3.8147165138578116
3.6061403735307853
3.1897584001840507
3.042652788321792
4.416335507234802
4.105202025316104
3.611371369302418
4.668435102201148
5.64354661917421
11.744341498875649
10.811133235027537
4.443273605769309
7.7407594814084595
8.772601605032104
16.16416101003386
19.514193997301607
3.419092728880386
3.0771224408580893
21.14883215162667
23.87589523686149
4.133238096721815
6.813361438263362
6.363894376724088
3.5734599946658796
5.3741237685660215
4.630429134986929
16.942677316118864
15.930157757056556
3.589943128827201
4.97442968593742
12.093650402242888
15.26988066999556
36.94939597248685
46.046149159855574
11.856476848077877
15.59303406317393
6.110730844084373
5.312962668839379
3.6832340743553105
3.842829449907033
4.471814305925873
6.936962281356102
7.636175791428209
6.28866371222008
4.442882058853715
3.0399701879878878
3.6303211330502902
4.1912901679824195
4.367670175094968
4.579451311275762
5.031415401364065
6.619053538230025
7.712363479880976
7.085617552389158
4.974737682625369
9.2421523536254
6.929038466619471
4.87981768229343
7.226088137160122
5.877537824258274
5.342297144947705
5.657075533423342
5.088418580356528
34.134424171323275
37.734219806884
4.32747424139857
4.117644662812278
14.256680425239805
12.894788633157594
4.57248319882819
3.539784543269406
3.648128593571048
9.251366979229358
9.528388036886131
3.5284670998106877
3.66236626841293
2.9923692177445598
33.4535189824609
26.420743545725394
15.609149291190342
13.73590749514715
3.839136633420422
9.05885633905942
7.390284388596415
7.126192466920057
13.191420253899718
15.658439865579673
5.002065360249809
7.162784355932564
9.002512966962462
6.1209201648027705
4.113683239279727
5.8213298351943585
6.886420857093529
4.8092216781560975
3.856950488947362
3.72075101404976
3.572499667255065
7.937952176955735
4.899855894993066
3.7902971641350622
4.970757060110114
4.674628868366127
9.76276354171933
12.141396097831086
13.521585057849556
13.027443530244883
6.372948436391528
6.5338789920321325
9.001397543411256
10.197919466064159
7.998404245498523
8.917604136666817
8.953124761445494
4.998260450968726
4.709614734565348
3.945533822911011
3.6910811018532685
3.8177544494706614
5.083981906603767
5.610715449920139
7.308202510134099
4.459140924392485
4.456127343276864
4.762892837540176
4.994700315543672
4.78433064880599
3.8542814368170832
5.665094354540265
5.733056683487437
7.479942897543477
6.456616596899339
6.176809327531015
5.373303829127838
7.414060552174687
10.118860649142036
