-5.745892042236768
-5.123443904439047
-5.849601174623696
-5.119907646380043
-6.665957526248067
-5.7090808695606805
-6.227721613614955
-4.141312543413928
-5.83372449619389
-5.319735844123966
9.754507008746415
2.776255175372634
10.08230682781357
2.461303786443895
-6.1336276424755
-4.208647390864069
10.581373475661902
3.0426251322107913
10.061010260581273
4.407751974060761
-5.87546253739813
-4.956201432052707
-6.558582528280018
-5.597887039170526
-6.42101610817194
-5.188760776704771
-5.3534741296766475
-5.67734011852934
10.095196622463448
3.2183291141489154
-5.516850865572731
-5.439801388598476
10.035007835677575
2.870565793940037
10.157421784241365
1.9783738357294272
9.658190921322886
2.6030677548585706
-6.0496541544146645
-5.062914581743214
10.057081752750662
2.5418666356824144
10.064138768047851
2.8814378102912066
-6.468039916794739
-4.8247416628530555
-5.979315499657232
-5.291298978078198
10.640374812179504
3.8070521068337513
9.310068762067466
3.3284942548438927
10.347602347937041
3.553181436041463
-6.003404373376109
-4.731994550443641
-6.434251648322152
-4.361248350332032
3.5804921881361675
-1.671944903055921
2.5495575368747847
-1.583158514904182
9.484412815961102
3.500052906501259
-6.928878869411696
-4.3299624962675844
-5.725776900240685
-5.639391677166578
-5.833677745755361
-5.719101709044413
9.749127049229706
2.81846419626288
9.862741256264444
2.703845996599081
-5.704195778228076
-5.552738448151433
9.473161461533687
3.3855811764347554
9.55806121578081
2.886445654135128
10.756842846099076
3.537612185265807
-5.610851776036771
-3.7846680213696677
-5.381580983975101
-5.884912059236809
-6.215757829381552
-5.126568900207951
-6.019556674233067
-5.509667436619638
9.487136129979714
4.275790083051346
-6.00953751451594
-5.006835206289762
-6.1404389350107165
-4.375191835275218
10.40586311639218
2.5868226672011536
-5.642059471106361
-4.989271198336947
10.569330535824125
2.8090677538803166
-6.621014619053291
-5.004563823869261
9.333388328483803
2.8385476355257193
-6.326868807818042
-5.542098710845976
-6.318896262838976
-4.825568192195292
-5.449646752175748
-5.122151266788481
-5.889147298189617
-5.531750334623974
10.05430635051422
2.525185173334098
-5.936815040530857
-4.932045952839946
9.904422634135848
2.6203407909711722
-6.426649051686082
-4.916185101757563
-4.8743829827136125
-4.3108685157325155
9.801421571993211
3.4796369114061827
9.751475418752584
3.60161681368385
-5.924981543749744
-5.317116296868734
9.289199255447382
2.820980505773325
9.90804369495166
2.7181083513718196
-6.159582445036317
-5.624703572689529
10.008356921868454
2.409193648990213
10.073319511374494
3.132340987595973
9.886174601816226
3.7610453574716383
9.615976242795316
2.963896213079229
10.109313386825159
3.162695544059923
-6.441474125306806
-6.465908926709577
9.645081307950402
1.9966691804689132
9.95900565616982
2.9909574447998444
10.265479921801417
2.3513941860827727
-5.586059277777724
-5.043884207503232
-5.143418621162986
-4.989898921007001
10.181402361162466
2.952226569153562
10.824656266364066
1.589997067601928
10.449449669856582
2.6924529710314142
-5.469000448160971
-5.098592669640588
10.590345443693648
3.098629590654539
10.645230087261643
3.6998474622742155
10.044593683876949
2.8776635258964984
10.391861365171335
3.145859157568688
10.71372554676519
3.5346327890916416
10.777951614837006
3.221543289666866
10.417936983498434
2.944444978088005
-4.997796758187047
-5.0526615368395476
-5.131230553244475
-5.058447739920762
10.477538336205564
3.4937708183564617
9.665558714177871
2.7870067207583835
9.799551421324889
2.7926474285749774
-5.716499635305108
-5.291398114168036
9.744305595893007
2.0620401919553677
9.58194775786135
3.184317039161629
9.336407896247831
3.3208272685639164
-6.858564636237727
-5.042901142246572
9.752806173894172
2.706737973458241
9.062815509247523
3.6554964131495478
10.248581060224618
2.9675270397336706
-6.330923015243439
-5.673805281024871
9.180733810081476
3.25369406669417
-5.269561064613539
-4.424751352841491
-5.145494775501212
-4.433475469746736
9.682974430138861
3.0431889897341535
10.181644824930679
3.255275568093976
9.809355189367515
3.976607467343462
-5.773163555722693
-5.052982772537249
-4.774422262472406
-4.194673786244918
-5.460999085112332
-5.544454985688077
10.207962634338447
3.4054517988453825
-6.620687150562398
-4.554671487436557
9.420707549296887
3.164488792450113
9.554385862031086
2.7340278930372395
10.410183892390355
2.9948481482438165
-5.53044753881161
-4.198073973037073
9.903063359889131
3.4662018145281017
-6.045137244257099
-5.108971143116015
-6.191567510874962
-5.3603016994203365
9.072394136778874
3.1968385207014625
9.354789113799734
3.0296492946512967
9.403133158875912
2.310259257826797
10.410394210040442
3.378333946657944
10.133274206103213
2.4676725471759626
9.081842396127104
2.6598301095773724
10.582117967034602
2.693811775395374
9.118942448773536
3.0175264115972698
9.833400825859892
3.1326388362905897
9.967373417862916
3.50335311420032
9.606522786915704
3.292112730516645
-6.249497101312073
-4.414759907320495
9.47034797856688
3.428055300551205
9.290694316038646
2.8311070572935
-4.674034458298419
-5.093338143481932
-5.341766460432721
-4.419192461961587
-6.855791999254187
-4.5609122636423844
-5.100955004256775
-4.59089945305976
-6.260186609246605
-4.863171041486662
9.375653680199777
2.8759272018005784
-6.41434156353646
-4.507561125005452
10.298082067423975
2.997373765986866
9.167928229665755
3.030732724906751
10.878596081973503
3.8261592289475796
10.199336145776092
2.8686036537715482
10.108942218627
2.7980017603440905
-7.1534256108595216
-5.410975907920786
-5.374380963140496
-4.697857312913095
11.324063029795017
1.9558172528054405
-5.740583758417355
-5.0901773793194
-5.727075749482222
-4.938012268498376
9.688293197293092
2.9598066437979154
10.457081776574237
2.7993574269508015
10.24202280111759
2.9617762417736384
-6.959145053606166
-5.193547872411177
-6.216886510772878
-5.182524407614361
9.686753462190298
3.0176747733342273
9.854895790250861
2.9452120622349858
-5.267823856791887
-4.967937853975343
-6.339738354094466
-3.7880697892362045
-7.742887276252067
-5.056928118155314
-6.748008860874264
-5.396508991071799
10.22911989119557
2.8802838457140827
-6.794614273133462
-5.091664730201705
-6.487543902199186
-5.381372040776458
-5.542650394915691
-4.76796857059019
9.166576442383949
2.7345156460386164
-5.6247766726219695
-5.899031064885886
-6.438466539260079
-4.743366842953624
-5.996183647936248
-4.300637016426423
-6.866862647827592
-4.741053368809871
9.183272453805873
3.237492326225635
-7.400106119747638
-4.669757559828094
10.577981593229907
2.8800586967287356
10.849134490707213
3.398417551967267
-5.7660556485097905
-5.649444828888812
10.255751818428218
2.8750065813028414
9.207258514548217
3.3641526670447917
-6.559380665140784
-5.974665828287296
10.526579675800008
2.3950925645853736
10.684397089127337
2.987184770744087
-6.2900408511739005
-4.381632180499672
10.066959842906304
2.9295471008629304
9.49982418489277
2.9994137395246323
-5.557310702145447
-5.706089186487707
9.67629554177709
3.110899586064405
10.925720031908492
3.498822551056016
-6.240671447553259
-5.561926345281268
9.402480660097552
3.1488982603780635
9.931221477014562
3.710246751718515
-5.5890810811500415
-4.564297367014254
-5.856935349277839
-5.6824230148154316
9.762180826854806
2.8274776807103197
-6.030073939175007
-5.4788604010894595
-5.97470221388027
-5.686718261193858
-6.0705690317706456
-5.169396999414178
10.144802029938322
3.7351033941584904
9.969328026155202
2.8349962274292664
-5.574906045068027
-5.699636933362351
-6.904074227660802
-4.243634601742928
9.910456030851387
2.5294529321870454
-5.558883570282699
-4.979028769934974
-0.16162111733029993
1.569487851097331
3.1662577668882887
-0.9531339227592319
-6.037351334633402
-5.517505075032885
10.663558291211485
3.0543805823772376
9.885361045976602
3.630797445185389
10.224274356743434
2.9583463082724757
-5.507026323724184
-5.395214284469201
-6.154506297072552
-4.554655692511968
-5.615307834064621
-4.852781544084086
-5.852697349920976
-4.260720537489939
10.208428401650124
2.605689744971331
10.278279824461238
3.527024826405736
-5.873350491005449
-5.062745430103183
-6.356288373434209
-4.676034323567916
-6.103832463265949
-4.958058475576951
-5.680285485250497
-5.996813401333003
9.940641803739087
3.3061781447149103
-6.107656838208164
-4.735661775589543
8.953709012210187
3.4811478433812892
-5.764683957931921
-4.55248274752848
-5.266125066919001
-5.786843784727511
9.777332541037895
3.3273899813647754
9.775102683283457
1.8337734353904047
9.656191662833654
3.6912575685464297
10.606702627437524
2.4197078739200286
10.017234677019363
2.4897610309030025
-6.848539555367264
-4.954174942057706
9.552823820416032
2.887329621408069
9.426216133575247
2.0623345615246933
9.647826621424798
2.868634592505564
9.697265819946047
3.0189766077104383
-5.331978983412734
-5.031675027786646
-5.513140458645579
-5.2228970688093215
9.733936935324278
2.0634476957506918
9.447890547453438
2.634222307592635
10.581194304697823
3.2260781677096104
10.19939552054253
2.1388304139981127
-6.159432396988407
-5.615375905673661
-6.6981213651473
-4.928290186371963
10.240088766983842
2.9330035851650225
-6.665883668996635
-4.255157463563342
-5.797966376907491
-4.015469374602981
-5.658757071038055
-4.420754489351948
-6.3204303469143595
-5.44149304857709
10.98888180664729
3.13610526803142
-5.702151362807755
-5.129525771332808
10.268284707637507
3.5525543360395284
-6.497456590998577
-4.934156880707881
10.474939258697411
2.9039301118920573
-7.090360663289228
-4.945596572533263
-6.600434492697968
-4.237551628491206
10.299439905975916
3.3060166315698787
10.365030682830989
3.691833430497373
-5.716124457877259
-4.7553073429825465
-6.07845099812128
-4.967281726488207
9.774028051843032
3.0875237954174115
10.845750881889513
3.0683102456331564
-5.830982750030148
-5.071070269428665
10.601473302581152
2.801870840989734
-5.999098285928279
-5.356858739138403
-6.123090548218402
-4.211621243877056
-5.709512957924868
-5.518500875518631
9.489091673861784
3.5474158229901147
10.617892955784498
2.4655521064762933
10.943583290385169
2.9242521161414174
9.553814374946123
2.732870721231457
-5.429171377283211
-5.714158805628127
-5.575629890313945
-4.912828843239036
10.494748553558873
3.5066543583929293
-6.699098422968349
-4.557844515755555
-6.198282835448133
-5.697558345368348
9.857460732279298
3.7651929388480125
-6.093496559322839
-5.647126102341895
-6.139896924168798
-4.811451002476905
-6.309517352007457
-5.5406120918362305
-6.360183548482169
-5.432500041369513
10.289752608897102
2.259475400372719
1.769689468237063
0.10741008857618706
1.0625599641546692
-0.6510036635223992
-6.082142305271725
-5.352204907199697
-5.146844695778579
-5.012139821349258
10.707297137435086
2.860186161252187
-5.831123666293613
-4.180646157703646
-6.391321340201711
-4.332695961247571
9.801283433464729
1.9683539994352184
-4.919288499838047
-4.417022895117005
-5.761145238767702
-4.707264538212474
9.889426714836073
2.918076115616104
10.797833321203338
3.40456451428322
10.502068941053544
2.8867374269120423
-6.493689128484657
-4.669345785317284
10.611473056847336
2.8400350558495706
-5.766914814305873
-4.364564152877496
9.318511726616306
2.9994823779308804
9.194113711578666
2.3295309424324517
-4.570753842726841
-6.002409390100878
10.058048356962127
1.5273703172285313
10.272444172253106
3.1432195410466988
10.439901823467395
3.803293571238213
-6.571630576807835
-4.680312298449039
10.19367595450147
2.5360609577096405
-6.3475501927189555
-5.301574492342952
-6.1408288205770605
-4.792055602025295
10.917184994725758
2.5716757619971253
9.36996565393025
2.958292190287437
10.218552683265207
3.693939006551365
-5.928099376118414
-5.542812662602228
9.358555950787203
3.4788508632420236
-5.310332965047031
-5.332110930442819
9.949926468679875
3.248426993926877
-5.524221067331204
-5.2610813779231655
9.547688301914036
2.9677870347711686
-5.982196808020501
-4.754004630257663
-6.451720001715082
-5.890684550077098
10.096224474628688
2.684414254800858
10.16549730278034
3.546649863177511
10.268707476221714
3.5256631823197604
-6.269595595160765
-5.230257657294643
-5.475940262861012
-5.043840692233638
-5.74124391755665
-4.664474522149903
-5.894043451872598
-4.486141649968898
-5.7248526472860375
-5.378366900924168
-6.3527627903661825
-4.741108595461768
10.704863876098338
2.262722119479852
-6.15131398117837
-5.77656988889092
-7.218734361033086
-4.839689882801993
10.150050362194747
2.8530357946722873
-5.567763651817702
-5.210033425794145
9.273275771031573
4.129105201574108
-5.570647182547356
-4.680874544773389
-5.953585975340073
-5.223386800137294
-6.2955009376950875
-4.7759551210811715
-6.015145622938984
-5.001709522329036
-6.444078594127236
-5.3346146325237775
9.157958577135105
3.201957444253096
10.723279189614685
3.6752077370260814
-5.997726445822896
-5.000802400529274
10.582676029160508
3.2490965396585403
9.875951141742835
2.87086789279543
-6.918491786920432
-5.360411192632054
-5.428239964836081
-5.365598774143344
10.331502585230405
3.810767399546386
-5.561849484015252
-4.94246215242557
-6.16644072541476
-5.043642678136067
-6.390323116247572
-5.193103850753054
-5.78718857348571
-4.671419684341296
-6.1010080803585955
-4.255101271836994
-5.3997748969638355
-5.100200723602993
9.313951234181076
3.7787593479620156
9.55751040232864
2.960672019956904
-5.598734050608418
-5.930154617855513
-5.428297076230045
-4.7928193507415076
-5.772606758165252
-5.149070646752704
-5.770977191139469
-4.507142623316767
-5.904888704227501
-4.973573082976564
8.948627002645699
4.022470936213655
-6.135223733098374
-4.328692917938169
-6.214310433362983
-5.3647077560212155
-6.2729932613612975
-4.7078737273066675
10.554635222198185
2.542297250263746
9.4172937102828
3.255196982688423
9.842586390409737
2.9267771683491404
-6.2258145785366015
-5.976146044996259
-6.478476472102604
-4.98548275146201
-6.57215274095179
-5.366424499303146
9.77983478751204
3.012300802232313
10.814946597539661
3.1136690161411846
9.93867436537915
4.198468343804
9.745404991094171
2.657105313481805
-6.665102207125683
-4.822781061729648
-6.003088058194685
-5.465752461434812
9.875565555261325
2.0437208901292
10.414890030107633
3.157839534825309
-5.6844381668438375
-5.306549243157273
-5.539426261043389
-5.704289271710434
-5.751702066428036
-4.03818449272689
-7.119893889155784
-4.497518009500486
9.80641757425921
3.17767828087804
10.416221393368499
3.463389020118292
9.903671948845918
3.9293311833571876
-5.5626528594107825
-4.15612058047756
9.89058068802933
3.1616631646334135
10.091553413015212
3.2466733124269864
-4.75452100880101
-5.144420755852957
8.72690909949254
3.110452615591938
-6.4598429216021
-4.970957016011446
-5.817255761378379
-4.647929368113894
10.258515707316768
2.912954923519133
-5.864552388511303
-5.083595608466584
-5.466703061102327
-4.249765115172617
10.596038573964256
2.118002595908444
10.562705273144292
3.083787732915314
-5.882517278734355
-5.2557676905018
-5.074100699357188
-4.439505946795122
9.189392682733805
4.238102389363155
-6.68855134779365
-5.091047181063297
-6.791554652373749
-5.714039646480091
-5.8571989441708
-4.963514228212049
9.047973981876684
3.3575858565883974
-5.42722826056454
-4.182155781029045
10.40563016166523
3.8476000948906814
10.827466366662387
2.680253213563177
-5.589001476627825
-4.932209436784594
10.580892236393543
4.14639179336197
9.688176904240786
3.1252562309488994
-5.761708714471759
-5.689783497911968
9.92872073670709
3.233825096532755
10.799639117532582
3.5800069030609136
10.064151930564934
2.7800920279922448
-6.445413658828394
-5.151235192856974
-5.685883258668388
-4.996822504726273
9.401201784396612
3.310000062598816
-6.09056516360364
-5.588229352493802
9.746712355542423
3.3473666039553556
-6.712220347893195
-5.554187054347504
-5.363486703363683
-4.565029661735705
-6.77792049322195
-5.388658624608312
-6.160167001914668
-5.746037494903122
9.682634034827855
3.2256642533629636
-5.680862044186318
-5.594125723642712
9.442943178272145
3.786881022689544
-6.0053137845100135
-6.5933190423064385
-6.4914112065889995
-5.357745272284349
-5.359985090881732
-4.998165374565515
-6.254476593896194
-3.9734278637119145
10.365703123950162
2.2372537712886853
-6.005330571309442
-4.101749725405217
9.00527104455304
3.563291933755198
9.243027005703388
2.541470733087367
-5.367304306710013
-4.6584346732150514
9.956990124600287
1.5925847758888905
9.454612521355706
3.1834609771979823
-6.7310758298096
-5.339817792032622
10.502805059181505
3.502862808822801
-5.643960170847084
-5.761624865855278
-6.338921239411614
-5.050834490802939
10.18905182068708
2.6760636359957584
-6.4850042993584855
-4.4758750881148215
-6.15354041479598
-4.670712166870464
-5.865850983449984
-3.594216563761132
10.152011391278876
3.9197108453919887
9.608962205018837
2.7782624605447235
10.24631865602705
3.7012370849529503
-6.41655416805999
-5.532595968090992
-5.320393979246836
-6.376248273727532
-5.826923703388858
-4.98523557724327
-6.727994068166698
-4.758605664288107
-5.763322840153968
-5.23969826435682
-6.136446133918913
-6.035639423390338
-5.044773639301781
-4.462425240841149
9.592233564183788
4.405370046159047
-5.416486742128355
-4.269654113757445
10.463476107714735
3.0555458348312263
-5.269802498129261
-4.386006088998066
-6.621002781374169
-5.182113223135881
-6.585146183560633
-4.9065167142865995
-6.026306234857827
-4.428214650963424
9.163514454592034
3.1002410845395802
-6.160040191949217
-4.500042552331468
-6.086602308439876
-5.1985025737028145
10.375281637462425
3.107198066003206
-5.638785406436088
-5.097869083259681
10.211607558052934
2.179146119679881
8.94998059001964
3.666266068416555
10.779496352977313
3.4315953453650425
11.277687699156907
3.114991878488171
9.920190010366962
3.171777968055519
10.832900121501359
2.611484817927245
-6.037308389575418
-5.009788255586755
-6.3690100802937275
-4.473430295049761
-6.970351626395907
-5.144028959469364
-6.21306641413721
-5.551424669391892
9.52942547550839
2.795392054593498
10.062762324873864
3.3867520518433865
9.239218399503896
3.5117952482996144
10.27413262500944
1.6521440088789079
8.869612359962156
1.0603803430490089
-6.032751092880745
-4.6485632875016485
-6.609426831214239
-5.046305813422782
-5.266407142872957
-4.734345024842747
-6.334991101892049
-4.72016707904659
-5.653267872717898
-5.542991951169804
9.768482023816704
3.8225025877354373
-5.365884831597846
-4.816505556575962
-7.054186079404408
-4.741537228595551
10.126445410458448
3.1684695703523253
-6.510380210707999
-4.749813379454584
9.778938412828127
2.620478518251829
-5.817873223154051
-5.471186790953953
-5.530526658926356
-4.984030647403335
9.191966693301223
2.669452491862977
-5.918850825135769
-4.8867843292948185
10.058243999682926
2.8280191431496178
-5.994022394563066
-4.5407070306245165
10.218155382376045
3.1120608561393333
-5.916701091152624
-5.384030298515254
-6.616695331789644
-4.686472833983439
10.168670488018412
2.5908634013724257
9.74072326811707
3.4083329991937155
9.115692128012405
2.9508703910405463
-6.12744045322912
-5.324143501405885
9.68308887498775
2.988175861857761
10.540451718094813
3.622568410148994
-5.9284815963076225
-5.311002525257999
-5.536790148465643
-4.253363540938333
-6.305652879606983
-4.9951325990961895
10.2148376263264
3.5875516062687005
9.391208825767603
3.4286778322432943
-6.4885419938729605
-5.111718373219696
-6.599397367582475
-5.079026850978878
11.347033931475522
3.5462116235872725
10.083088552056145
1.7952616166769892
-6.111746197151721
-4.1882286801312825
-6.123852675516348
-4.845749822358157
10.051419653940592
3.9131402412282874
9.963307762857688
2.261480096823216
10.394363507644753
2.747642739181985
11.104953302654422
3.4710297749388053
-5.633855227797408
-5.232125314567715
-5.74185119264245
-5.064530970809322
10.44766258830714
2.032694482842091
-5.547996889271165
-5.247719752996482
-5.8322997904971885
-4.942911613667278
11.37401323936967
2.855001587128298
-5.764836851986184
-4.41693602262618
10.27800307134091
4.174956334602548
9.546538882181759
3.204162846175369
-5.70731478583254
-5.328224525540341
-6.418249459850569
-4.9848028615753925
9.919116301185772
3.225018257071056
-5.941387203758629
-4.225135840032997
10.023342376688307
2.9267371693913278
9.87563333276181
3.176331617438707
10.199588265112157
3.8304734122520885
9.949527503560237
2.6821236156617325
9.248598283318849
3.2337619843651257
10.005178072977714
3.3281095498899806
10.456637438059943
3.723195054214386
9.137229374157766
3.13162115932151
10.8663458148465
2.2837564872926563
9.65151354629902
2.365561911564201
-7.399602182684676
-5.31074502872702
-4.903634126325379
-4.586914244878399
-6.247792061519826
-5.075233831820843
-6.9452605856213
-5.9692784310660185
9.231513861575893
3.2298032043909783
8.670188777149066
3.176509625448696
-6.548758810517069
-4.792168339556544
-6.399877301504428
-5.448769136854725
-5.462420684652676
-4.875409379212034
-6.6245715026982275
-5.154776876256065
9.428115850462014
3.041970503422524
8.996847741949207
2.904188259637356
-5.602967822371106
-4.412683127698684
-6.185387292626494
-4.758309828520202
10.075825271875368
3.9508378714583055
9.080761493023077
2.7203591158949116
9.838125162745062
3.318812610738229
10.327316311091401
3.031569308901439
9.864234410338222
3.4526881164247887
10.790221937782798
3.2306881438172756
-5.319518365239933
-4.940924106331724
10.019797787943741
3.1728334486625496
9.954491211457155
4.134586338235827
10.2415250304647
3.2291112692875603
10.06368376332219
3.1447334275642587
10.158388231672138
3.2040943292888464
9.396837532959891
2.8943054679666913
10.515422501063505
2.5203835589952246
9.07959035805532
2.67922617331164
9.39818261596802
2.520055290554035
9.388261790270462
3.121595582795674
9.892596303453725
2.223092914879384
10.002416611125861
3.5697783186974075
10.027221628535848
3.415246363488785
-5.978499055747714
-5.247670921404879
-5.972212795548041
-4.717300441641876
10.058105359500994
3.8013127115682366
-6.4572920738294926
-4.062810271088471
-6.484730349854842
-6.064387536415641
-5.866273618120386
-5.22703158668555
-4.857408047274697
-5.169057822387735
-4.912442886472187
-4.361107745742514
-5.940841185260129
-5.212307741200094
-7.169098872671203
-6.012894633642315
9.724697469770362
3.0614853120934584
10.186472049914839
2.615127066334248
-6.741899532286439
-4.5711632137287594
9.500244012616312
2.2524600566398907
8.685395695801155
2.763390908634888
-6.3619968910058775
-4.276243404257198
-5.794048158681866
-4.83102691979151
10.312401183539054
3.6818594433938685
9.952911992885117
3.308468793976834
10.21348880792288
2.2578182106546754
10.414906648303875
3.7742514108663925
10.708765743007366
3.058245806263469
-5.698403829296358
-5.341899826827865
9.354882840559533
2.502953429936055
9.06014690746608
1.785641142067451
-5.4986904244398405
-5.178097365639939
9.596697920003312
3.81686503844856
9.91954083926288
3.1654465401264935
-5.880088527131961
-5.2555400175264015
10.148829788373389
3.399618611751469
-5.281157293672217
-4.59224508512082
-7.263683926928866
-5.031539322805389
10.712206300846397
3.707769759376002
-6.782134548655217
-5.244396174467871
-5.541412972985221
-5.512747925327588
0.9357621122934452
-2.1025017585616608
1.7661382900536895
-1.2871610785418208
9.93382381060437
3.1113982965846168
10.056672001587426
2.116940610821112
9.82900113868286
3.621422064171003
-6.67166831063689
-6.340393751100206
9.308156899178027
3.3397808012398933
10.004940259996983
2.5364558270933006
9.554684738498267
2.427765320414278
-6.339197562239121
-5.173571872898585
-5.794608397801702
-5.438797778986247
9.339534846516337
2.865819608760782
-7.174494566823286
-4.892114064031597
9.261341824666086
3.116769989485272
9.830818186387503
3.6329919858999262
10.325485810261803
3.380187727134844
-5.399109214177461
-6.091761186700656
-5.493737322757325
-4.588981031677828
-5.569739184955861
-4.466182757147548
-6.505286145844127
-4.946370992944148
-6.0526043920007835
-4.353028630188574
-5.539490518103225
-3.87720195222181
-6.815655561532077
-5.425992726780775
-5.521997090974051
-5.211603886984876
9.733478047195064
3.857551637413999
10.7602636386728
3.7667921425942015
-5.708392344715969
-6.042065460757488
10.16417622366619
2.76209469856182
9.722307504485604
3.16561413111205
10.318689911502823
2.5756898588642136
10.710846194623251
3.2198600761295118
10.500185719923913
2.8312275542774916
-5.482507365696572
-4.610266061349093
9.445258405667857
2.6039419189608988
10.509954358222112
2.7995287732501213
10.048376426877908
3.037642695414956
10.266572458854732
2.4701788193271508
-5.15182971239369
-5.356062191778539
-5.913851586465014
-4.493996841266806
10.302077403066994
2.251330851930221
-5.76568423695295
-5.607936107789181
9.295842154050586
3.29745885381715
-5.697095773440571
-5.620022593293212
-6.660423471033035
-5.2259353016009396
-6.001710015853754
-5.452242437753945
-5.854849668773399
-4.925507482394895
10.459332126554314
3.3809521435202385
-6.030662600047399
-4.3579075107789045
-6.345709737842537
-5.2806648797334566
9.877987562375056
2.869805535349112
-6.460163644675547
-5.3613750019861754
-5.508247706833093
-5.502051779209685
-6.164393054226546
-5.0636744777813565
9.59667136648905
3.5033498894234594
-5.77886545210226
-5.829530091329522
-5.59432668970264
-5.581477639409166
10.175996513226401
3.5205803665532205
9.707955602202146
3.475037604140727
-5.592928392813764
-4.198060754865171
10.838048678958062
2.496068059812517
10.752013467751391
3.0547891857907854
9.518962646337561
3.2777191188504444
-5.09567928744476
-4.648539305904614
10.386742910622354
5.103852829444441
-6.123118114293266
-4.88335913180928
-6.208165056325059
-5.310375690107978
-6.001911802179479
-5.565432293896474
-6.680388855482863
-3.9210669061000476
-6.214722702961217
-5.4781955758683
10.740097098457252
3.097712243837991
9.195466221150616
3.2293592270395326
-5.687838757383387
-5.970854207694846
-5.148891947202014
-4.370348225927537
-6.038441014662831
-4.233599866027419
10.378812997424221
3.3407939916412426
-6.173140068365184
-4.481540824446481
9.520110897688975
3.3250193149562652
-6.077660265001973
-4.197376404470612
10.473492642253467
2.403409611320466
10.300952829026647
2.4956170431290214
10.239333196545314
3.37806729798311
10.058164680949139
2.9950031764472116
10.651417966220963
1.895525433392257
10.166144591735993
3.694330638640186
-5.5273312738153
-5.529799668868447
-6.424229697057819
-4.659167540139808
9.936576921023919
3.6447400290712917
-6.006719285225808
-6.06321048624827
2.5164561374961045
-1.8233599252429138
2.275704521013288
-3.2691717293584692
10.219844842755112
2.9536018450898087
10.224557457972246
2.555700529564324
10.776878699152713
2.9409732469589995
-6.09951472399285
-5.7226544048963035
-5.406714000058452
-5.1242994928707875
-6.117058303717429
-5.670752306799647
10.274007300374135
2.8292341482171866
-5.732087273965444
-5.327119533484848
9.44982592087069
3.0925237223419355
-5.585897488611297
-4.775528719675294
9.693224536093258
3.023411489428221
-5.970296291026154
-5.189992669779642
-6.6378657389947175
-4.910281497300613
-5.7075996611773645
-4.924633367440903
-5.817409418565196
-5.261648541917057
10.211230439564444
2.4764553987375364
-6.181287306233895
-5.382631122364025
11.183565266044651
3.1513190463838416
-6.221690556822899
-3.717852155202529
-5.436550129525134
-5.2092988191812655
10.183102333305223
2.2296255002685754
-7.128658193463136
-5.755034839008346
11.10282075610447
2.754149743895269
10.017005584222789
3.16767922141406
10.551776085168639
2.4362363112550933
9.459037599849756
3.079044543940336
9.07019618239719
3.08605572461336
-5.138553492535175
-5.242390295053067
10.596304816615895
4.245366288229308
10.49882067908709
2.931223177326084
9.227121150296924
2.7437330831949587
9.923748938155756
2.9145531808804095
9.747141076933373
2.763744251244714
-6.619900905144929
-4.378215229186281
10.10224744476328
2.502952254032314
10.196401096278509
4.112878216245554
9.256038750815648
3.1179181287218833
8.968075145767896
2.7244254356986737
-6.395291750251072
-5.728292748598931
-5.233271283011005
-5.6404577653740064
9.676642891751063
3.2234356564319278
10.100586341988533
3.3359116811826337
10.084719363890903
2.896090823111268
-6.566381889587246
-4.759097219821924
9.202011455914096
2.9969791621925803
-5.812902713681629
-4.920184773905969
-6.119676119409024
-5.5057487533653084
-5.629099407294481
-5.199829133318551
10.376227719592945
2.3201207130350134
-6.809703470380393
-5.77101175431726
9.575766314813164
3.1135040992540755
9.238918547464795
3.3017783839302908
10.070385508925012
3.4803167454405326
9.228644288420664
2.9429302071727124
-6.678113555535581
-4.644516425447495
10.80210039541666
3.6334590211376203
-5.6768988113125936
-4.99815314236993
9.765613086694133
2.9116759886193724
10.087715546030728
2.4272223599895604
9.412769426797865
3.3685020810849036
-6.1831590309360065
-5.101249269916249
-6.0432196873361335
-5.457627139903312
10.014331942680453
2.718774749903508
-6.542115335335895
-5.058662249635484
10.989978380026864
2.7490437526620046
9.698824099711349
3.3391651131243347
9.739277547608811
2.770087236920115
10.816012377139112
3.0539119568000626
10.249242770553698
2.0843515013741873
-6.021605029550135
-4.860764199908876
-5.975001635385697
-5.109926935843587
10.916241410659547
3.07435580031863
-5.66327128540495
-5.051807628080914
-4.859771871425661
-4.568267746148742
-5.490975697438435
-5.2292875494791184
-5.5236065321807315
-4.284034174321773
-6.073118628627134
-5.274483232905631
-6.335154461321922
-5.1741286826647555
-6.495245567188652
-5.003666354119143
-6.44543657558326
-3.807389683672233
-5.888685689144021
-4.852347022122817
-5.594389798247998
-4.688408213366925
-5.931676419427388
-5.836884325571492
-5.47596314546961
-4.274644324100781
9.709710190310762
3.104462590085209
10.786586765458676
3.3747370994808055
-7.064184712259372
-5.176576801444887
8.586998399576256
2.9060285158599077
-5.473929549088303
-5.2130080611374225
-6.796659048935814
-4.756089178738289
-5.279089041139777
-5.056529274819376
-5.693066419022293
-4.816672786765779
10.30824749284215
2.9328021307627563
10.174663510279302
3.292316370580931
10.279336289528628
2.5321650334772627
-5.491720677582928
-4.875710377692451
10.497314138321924
3.3203491003836687
9.545810030487083
2.102894332544318
10.060948778053637
2.8782659980233474
9.436373499468612
2.9752502833673886
-6.652290480110008
-4.960882937817432
10.868765368430347
3.662168298309707
9.619948128534176
3.2090023817962154
-6.119957758734504
-4.618948513833836
-6.001814724856699
-4.910713408896921
-6.170283496559465
-5.193065982728252
10.476151076098517
2.756007946104738
-6.302969926921807
-4.651020689223381
9.203661856999604
2.4501324045084787
-6.230263092776196
-5.328961999187682
-6.311484029523754
-5.610269482462709
-6.635960422540574
-4.466197383175031
-5.946598739027192
-5.046564119501749
10.17526790985251
3.0172583184479658
-5.491375630084375
-5.141339850896304
-5.9928774587875475
-4.603221006740916
9.650995326874174
3.5130342808421418
-5.619576360369556
-5.437192753698038
-5.453888444345043
-4.219195529297401
9.652423448739185
3.088796909547001
-7.3181625097210885
-5.215533969663021
-6.737707561549352
-4.273886229115185
-6.737040333290015
-4.902594841621
9.624622625142292
3.4786843993998398
-5.985119669340894
-4.6422392579645715
9.622941640999711
2.651214200391265
9.726053795459137
3.5265496780203156
-6.367362826810126
-5.41123358492697
9.35061054405416
3.0743820242052426
8.359156093889236
3.206018596426536
-6.799777752847856
-5.082526303921719
-5.76808629308087
-4.654399952728205
-6.067052229059702
-4.87702846789662
-6.154211899829846
-5.97504870604067
-5.700912146246416
-4.471742767863092
10.034258232883928
2.97683148207411
-5.5851722545955305
-4.985631259690634
-6.0681574545100485
-5.179124840373668
-5.797527457559207
-4.2296371512194035
9.699468745637263
2.7887881141692574
9.028393461416341
2.995387423894681
-6.910162067311236
-5.122349579890205
11.210927296582243
2.881601306082409
-6.088798614760176
-4.819151404485959
1.5245315783791107
-3.8339819704542024
1.976838948415164
-1.5631219882534424
10.276686671043581
3.9778909173581245
-5.95555545792061
-4.3136986601795515
-5.975983391115441
-4.964464001020896
-6.006639582023486
-5.21716825618068
10.475191165661908
3.1349026489883647
-5.763683698344891
-5.140811916431035
-5.7260732233800615
-4.382674753494098
10.166175757479701
2.1103376226996047
8.975675135534965
2.287208571366386
10.626683594532537
2.2485939193401308
10.257096324078953
2.2535809620581526
9.969550353677644
2.768510653907878
-6.857047517931572
-5.74965664771394
-6.801737310053452
-4.802335871054375
10.088421013515944
3.238854560104431
10.114694385755248
3.47134759750976
10.243322059399144
2.853768875404014
9.226974693639578
3.989708885957631
-5.594476055840659
-5.049734596067274
10.106083321717398
2.6841242953341378
-6.651867083836681
-5.078938759971676
9.477223243135816
2.8108656249232373
-5.686769411635656
-4.8761887983544785
-5.879266430710788
-5.644731557653101
-5.893749030626336
-4.803649770900405
-6.0915911188747405
-4.934532613044166
10.285626515083528
2.7100740762887896
10.660167313064807
2.8460731941516952
-6.503117828288015
-4.71903790773096
10.433006727470708
3.269709278955364
0.5295340406536899
-0.05230621608598329
0.022431746144062847
-1.6784030516771977
10.066478369443765
2.8645860817808426
-6.130525104291837
-4.734073863180064
9.458993143626012
3.5457676599487193
9.807782696709248
3.2425314196223325
10.158034991748268
3.7977625667839434
10.302539779271706
2.8771335346061226
9.40551277436904
2.078310952244542
-6.55164427970359
-5.113474636822611
-6.528615392190016
-4.87863260747875
-5.561666734895093
-5.461742810457098
-6.484030891170272
-4.84121807834533
-6.27817705504239
-5.091209948474747
9.930275443756054
3.1789969622804883
-6.405334585306377
-6.1903030756658906
11.169948610131565
3.7609159071088456
8.467013844704054
3.1802156715433942
10.072823848001326
3.1522059449494706
-6.304601518250685
-4.90917573417812
9.833859946707088
2.571431974969538
-6.632566824578665
-4.747849312179624
9.633503989620504
3.3430905564634106
-6.158965381324972
-4.47871325565999
-5.980477576884381
-5.313388329744372
-5.825405171463281
-4.973074071474586
-5.938937177447006
-4.844535532849397
10.38521048008566
3.578292123528243
9.943540095473683
2.3553031460233402
-5.605997555709405
-4.800481449716252
-5.359645432056919
-4.9318652646777235
-6.228186438099749
-4.623530781339582
9.317500076488974
3.2970495619884996
-6.303294489605419
-5.055178551729323
9.46841506659734
3.7799613066589384
10.22404799282003
3.1414009174621524
-5.518846562677831
-4.459860135909951
-6.392859842906512
-5.29763354868004
-6.07197312262292
-4.954446345593254
-6.078113524100172
-4.665856990043573
-5.8882956567856715
-4.904850807209196
-6.096215921468272
-5.257137298964645
10.316843401067898
3.3946733974297425
-6.52868977333756
-4.453497031444514
9.336846747368579
3.734891327796803
-6.00609178265462
-4.680483615538694
-6.004452130910452
-5.180506972058579
-5.932617779536773
-5.2525924443233425
-5.220116928612071
-4.620219196983997
-5.9439277878072465
-5.12267539274212
9.44658544596109
3.553185236311331
-5.985359745030019
-4.918899602934555
10.712921783554172
3.2893875070109746
-5.826490668687357
-4.808878492355898
-6.012712426961832
-4.939480543074297
9.701391455170358
2.6070063052292576
10.425601873904931
2.752289704108824
-5.901898885038987
-5.132573835630625
10.214840213079395
3.379429189367915
-6.663206178330833
-5.922166135139625
-6.067351211590091
-6.052327625675652
-5.886467238615772
-5.113680566504252
-6.879322669780412
-4.788876526159703
-5.768153358905687
-5.366778454669252
-5.988402188546316
-4.552703915950384
-6.190175319960186
-5.519142245114861
-5.542953433352352
-5.315413521674978
-5.425465894061485
-3.6757145895758496
-5.665520654091442
-5.440382136453949
-5.803264229473607
-5.076457087146496
10.147947662407017
2.7274522628277706
-6.265619638790834
-4.414475148164928
9.54081585468364
2.9636487828805858
-5.351276330032567
-5.383345739953891
-5.374934762955201
-4.809344619153581
9.467754404770954
4.164291942692053
-6.648498032673022
-4.70479928303234
10.399692047694392
3.1599823112250243
-6.19459477333461
-5.283647119230465
-6.024456565545151
-5.201361328108482
-6.267020726048513
-4.576392472411647
-6.102321613260289
-4.4475664063172395
-6.16898585361541
-5.483409666195165
9.995851364998902
2.8113675921043253
-6.4731983070477535
-4.828116735306668
10.411825125582546
1.7920015193240382
9.995257004837436
2.377550256247406
9.461408968187683
2.642853480342645
-6.825752255511224
-5.198392871056199
-6.137561467982062
-4.483708228271561
-6.377245762634958
-5.033713150953805
-5.672667377540151
-5.772990230935871
-6.1074383352616834
-4.818406288030431
10.106044993542056
2.370878521914947
-6.3170768687837
-4.720657383402998
9.442851153453706
2.818043811020148
-5.768272701101364
-4.709554065354403
-4.862932700853612
-5.190428579821188
10.057116559260448
3.5742514262965486
-5.569882186914753
-4.513301801631622
-5.857123593586717
-5.363433135741152
10.565111214744444
2.4491075107125364
-5.504327827527615
-5.784106070854481
-5.881683579787736
-5.341495966131785
9.605956607759186
3.8131919625060333
-6.427081168470257
-5.557114548362188
-6.120457699367381
-5.957554719020029
9.709874025562254
2.5473074244126885
-6.007736791820453
-4.27153969789666
9.473316494130588
3.1535309209152254
10.28287780515385
3.3874924707366314
8.849431989780948
3.618916509329063
-6.066770693284493
-5.033800552733849
-5.78252257795591
-4.438422165806333
9.42606333480712
3.085589787917555
10.58933303940288
3.324978638971425
-5.469782383971545
-4.437228931677672
-6.463705226650142
-5.126721176732973
-6.281642203970619
-5.45666216441907
9.807216507758143
2.3157883981525087
