3.2534913659057896
2.569614424368987
3.104949533266756
2.974069947974335
2.88241821444842
3.276591796665515
2.6400532391088403
2.7995091847068316
2.8925912756436345
6.53346549177869
6.283112825092708
4.972526334105299
3.644049244393281
2.6721499398498567
3.3854391997937436
2.828738158136125
2.977006880092905
2.97552626763489
2.923579524491759
2.9528921113254594
3.0313316331745854
2.088704685936082
2.190717279761906
2.4464506458820483
3.3031819087372467
3.54282595732992
4.143405259785981
4.028476488969968
3.0536348818670205
7.850645634907933
9.910084411058858
8.985858074133523
11.800004609545681
6.79415761046113
3.7678069873199225
3.6631663491241433
2.8094938777173626
2.5605411158781894
2.7239274165463576
2.5953933158244196
3.1084807255494913
3.6791562546400725
4.533803132983115
3.6674151529261874
3.234153616641245
5.559140005188704
4.168182838694994
4.108441100100682
4.9777936765205455
2.5007431437407646
2.9768891186206337
3.187361899675975
3.0147457007656113
2.8021916183344127
2.613321628510844
2.3765575876222744
2.732887757379682
2.5313629429490523
2.2749310596858567
2.0365066695109424
2.236574662853742
3.1305990357571356
3.185073976101988
3.2165272599569543
3.6201176630872705
2.939397739241946
2.5500620868643096
2.324559511662146
2.5939853898605594
2.2781308764958936
2.8393805863181876
3.6811600314953896
3.0299506363944726
4.368978130426038
3.6081045311072297
3.8819709319009337
3.7929237456505143
2.7672075155395675
2.812790196743886
2.948286362747533
4.192195732443661
4.787495271592769
3.2984029830805808
3.775349087324185
3.9559740719959473
3.2395060924937695
3.503092641370421
3.8519697212219524
3.544469658074712
3.0049599589272207
3.7179172418901216
3.4023527025190083
2.7518475293002904
2.982203220862124
2.881548257349709
2.34889964174603
2.162746742280809
2.4369036371341384
2.8636362341966755
3.5680631727235035
3.0079770236276677
3.825291063630561
3.7311498997863657
3.3419075004620957
4.406795058110931
3.3122391848978405
2.9417041059044458
2.9712978367649088
2.6124613065489974
4.492899736112895
3.3834672171946947
4.241527941909039
3.653600474483876
3.6539244587609674
3.167115506593669
2.991255872641549
2.622122029813812
2.8349512099005922
3.1494902378114364
3.4420750785208662
2.9854900398487456
2.821260283491684
2.800940394970254
2.744814448131133
3.0054741885252474
3.7128424732657948
3.164984656417041
2.929882164557622
2.97923608479911
2.9110906453117322
2.731274377350007
2.6611020842184634
2.5142042891223593
2.9096340493695827
2.905419606634141
2.990533571267441
3.419334118081503
3.684330044856887
3.1538798856968833
3.0512191443551044
2.8017415372258774
2.9253862028080393
2.5802267389196363
2.721636858064984
2.7092760849121897
4.758025700075815
4.845063666984372
4.125313311280223
5.390490850602239
4.977214071483524
5.033471775316723
5.150038268266802
3.47606022857739
5.488335383907457
2.4052251667666558
2.4609777722175905
2.673518493324076
2.649829427649467
2.4186125925004722
2.679981466767469
2.570078091177064
2.8979929382301837
4.853814358321621
5.560553663026731
4.930445847001501
4.137146274140249
2.997963947029527
2.7211818826924024
2.59407691673938
2.980269579568723
3.006100191686449
2.714133762966819
3.1725822364057383
2.8829795770483155
3.40521071685057
3.2912827367578807
4.345165663811955
4.5055863887406655
3.793020625785054
3.1546532920999204
3.4231822191919448
3.464658887958972
3.6495495665292856
3.3963940898590113
2.98274544225158
2.634479771363585
2.3321771332942336
2.4544010719643383
3.3464592122010886
3.730751074219927
3.0603642517700234
4.002738112206745
2.9794754320717636
3.3326951035384536
3.0459010523514145
2.3141039130415497
2.6904812317457587
2.2726474485440153
3.2193106628981183
3.5491630272665753
3.7109667080562803
3.545238278173281
3.356636335373002
2.8835091629928744
6.934261370171696
9.139650838488274
9.76328232798947
10.100930434701597
7.576864481278955
3.1472647110255343
2.910000726084225
2.306543931274335
2.132639009102393
2.3772735385875263
2.4861255421817803
3.018387074474174
2.7909069730286857
2.5066862792408444
2.373897740521167
3.1499510117853915
2.7058169130974705
3.1925773225809695
3.877857078986831
4.083123532680046
3.0940979068515593
3.0947479560141375
3.1988250925744057
3.602032534081997
3.4554878424510567
3.8440727120610387
3.384924234347021
2.9422500659880937
2.790016833447144
2.5747447483704433
2.321466128456805
2.9783885387551003
2.3296391571763153
2.413822668018717
2.8075346973060658
2.816706117467588
2.917238832318759
3.1394642982042775
3.367093155545253
2.7713574181833915
3.0763261685095755
3.3204521342180056
3.025286709469784
3.0852907111400816
4.142502110599852
3.8464203344184797
3.9878905334920365
4.099817488797751
2.7566779165445223
3.7006972552082673
3.3153409941073644
3.0069026618589794
3.797025446991993
3.080045357816144
3.3827702516986564
2.418173401440957
2.704300742902234
2.954611773591066
3.02506212809179
3.048173979287938
2.9296380971607174
2.7507799218062825
2.820394317157972
2.8804326635226016
3.940459497612046
4.059529088448307
3.6353251290593405
3.6691371525092227
3.6103963483365606
2.8098668941185325
2.9782003636441483
3.626248228397369
3.196970459749939
3.766199910533789
2.7123115562836064
2.7615611781932876
2.5510805612536815
6.680267738361141
8.428313839020456
8.955678305060346
8.314745267337834
6.512612783167446
3.1581225860914914
3.6198811648359843
3.0555743677149882
3.4200649081685093
3.5141438887082512
2.8174652903908184
3.041673362873603
2.928229477296827
2.772524464181347
2.984073009110915
2.8090439768664996
3.2401342369174175
2.8967925199130335
3.533711181425275
4.653791711887152
4.506861414420228
5.259461953328266
3.7853588684513126
3.42900302564416
3.058750424594789
2.248830730584265
2.585481930856819
3.033214097446857
3.8003930042867347
3.3568092112300825
3.464759634881136
3.2211408780545243
2.9373469062818924
2.6874508677704974
2.5597894659613427
2.190979774642989
2.6378207161403946
2.601835947781035
2.986871962158125
2.821015445151907
2.3497122189924813
2.696291671719074
2.6895265059353903
2.8160679706917677
2.4818153953234594
2.5755835960973092
2.602118789010217
2.8463035998994566
3.8472956113941823
3.8006412997254704
3.156101181872108
4.85526052130742
3.470770739375148
4.046746688964254
4.011788088200045
2.311880091935373
1.9947868595269675
2.507997725221836
2.800919236149523
2.953589493754476
3.348467294711041
3.671972651448797
3.144830579671596
3.095896541174635
4.2212552986517755
3.5898682079988036
3.5950390306622286
2.8863939814228443
2.3711865126827854
2.608083508465487
3.1749002369362667
3.541646988515498
3.3006685804784577
3.5224221617573597
3.2917925959921774
2.879010598295709
3.5729171668747703
2.3121609964046463
3.7328264253701153
3.929440479447476
3.8579778269221765
4.609453977302614
2.6021236127446166
2.7243905604059866
2.8388621725478727
2.7652757545461872
2.9387126356368127
2.7509184257279706
3.3835494748495965
2.5242946350872253
3.9997478963230986
5.680687699727173
4.016982407450713
4.498105669915988
2.4131768064886217
2.708898461204126
2.7601624654172383
3.596587135117037
3.2838279570131736
5.223084877214288
4.686248192330944
3.6293899459982613
3.458086919823032
3.4178229669948927
3.861733681754872
4.043316004380231
2.8202287344683294
4.487826869829911
3.6572857015428895
3.989048497475409
3.396271049508928
2.265064618867284
2.7217991466741087
2.778066845659082
3.103193431153832
3.002746642516522
3.5164481853885468
5.014534296182736
4.676452883613397
4.981232803144486
4.529485811070217
3.4567238046531945
3.712142014043102
4.166583649057506
4.418672589943069
3.6853833256681106
4.523000295727888
4.0685478390786205
3.4623391063428004
3.9676660536241024
3.1885876612592927
3.03134814656753
2.7414911838379896
2.6445644626384275
2.147578637177821
2.299176910635527
2.900571823109559
2.985353274447024
3.089729030461858
2.863238063543493
3.85362672843043
2.874699459959879
2.790621010138259
3.0353707818106272
4.835625383556704
4.7127447394949
3.7539580052336317
4.728668512166161
3.6237162459430055
3.92951207372038
3.909748814700249
3.7863598448413125
3.161746153767295
3.992949157534147
3.452003396145616
3.261810151202309
3.420930690994902
3.1545220708051183
3.068372105340959
2.7925172307184734
2.7457446747402012
2.127408120636944
3.574152258357144
4.1372633004535855
3.8971947674253453
3.9838743175726927
3.246831401934442
3.605366860924106
3.214623621917516
4.533256596962916
2.9633730781098673
2.9703709488293306
4.141639186214881
4.32736539917632
4.6119993493716125
4.874983602442491
4.859241396931344
3.5219655071626232
3.0759130128582273
3.0284994202460176
2.3550642465906098
2.3331692764861294
2.467700115092839
2.4475064211680158
2.424322327247196
3.2145697486998936
3.016017351067801
3.752890308929914
4.924638786063626
4.482870873302325
3.3320865033362193
4.775660878269574
3.0680034105067904
3.491705602160256
2.6044719940015613
2.7936273061179486
2.7928159902845926
3.0158962766263744
3.051724841059675
3.033681921222584
4.208550706142054
4.290270486336405
4.9812264712944065
2.8994950859607878
2.8799882242602823
3.243501606358567
3.0512204242455505
3.50263093416045
3.2204918652313195
3.276474352342526
3.2129980282865556
2.802892786809339
2.5645058152089746
2.497550315964702
2.34732921995021
2.6602645653209493
2.961613079842658
2.2791913777011965
2.2965653068366016
2.257007440310966
2.4468588877411857
2.6648565741283083
2.826170790154627
2.43364955836537
2.737285375790934
3.355496983709514
3.1021699464463444
3.163986803241063
2.8082955648652943
3.013773298425186
2.9026867890861467
3.0009643137495345
2.6125680037638177
3.565311834023447
4.699541301682041
4.993911980835265
4.875377112812149
4.648656979482328
2.9647771319232437
3.265181090119248
3.3515673761478904
3.418055088179508
3.033412290431279
3.898681664291286
2.839248056817397
3.066703404075028
4.334053623043534
3.9391027148945277
4.541448028846253
4.449979634375118
3.228018546501788
3.235714807681142
2.2025081910802258
2.340678246780973
2.420836062760873
2.4784486509015333
2.6309048447539163
2.6413086733299145
2.611877891466012
2.5171809052378267
2.702307431673778
2.620905454991438
2.8982009595543
3.5600292370087216
4.0969111311990325
5.993507177537294
4.059942417873707
6.173872227217223
3.6677476591006326
3.815851135119093
4.035048238446924
3.499611343176605
3.4191958166468988
2.5083717424898224
2.440183700971351
2.5486825140187133
2.629824998444144
2.4900644203220623
3.35532788830106
2.7871899801652558
2.9464578212749273
2.529316280198661
2.634163807370821
2.5021100599716632
3.539707748324911
4.022866628787164
3.8941592728508057
3.780208605834096
3.464516655562282
2.955416738923989
2.4204230620815848
2.599313982872531
3.0182123004462755
3.563214207074844
3.777031022665476
3.093510098394552
3.3979834777196576
3.376028678179168
3.5819050315555128
2.496065288723933
2.8787073391686238
3.018953878375567
4.122622437882895
3.514850631906837
3.286765183054638
3.695980954065514
3.2398150725821453
4.424537732675399
3.311891986895568
3.555363275376292
4.466659813366816
4.361286449682927
3.7734736192170404
2.8771562719191555
2.982470989425317
3.132698059935224
2.809423793802939
3.3822535058064234
3.7594432271387443
3.8111859066859064
3.9796462424578567
4.259668481055438
3.410738836985844
2.8435305294402813
4.338602712930719
3.467947457653106
2.8951386576476055
2.994811040820398
3.272320320726186
3.1330797043915983
3.8547517962593374
4.201718764814025
5.011229299321203
7.461550909717732
8.43446340625781
8.471375041593852
10.33432142204201
8.680611009361009
4.630005012017077
4.545411090684328
4.726900481967949
4.370201117706444
2.9999783979712564
2.248168486658898
2.683894866978743
2.9457341949780034
3.442675169041467
3.3062164934883334
4.487027480286579
3.3228382765064652
3.4532198611396066
3.206158557587163
3.161917152399568
2.575410897474571
2.987095816241997
2.9221930844940234
3.1550865039924987
4.023922522247896
4.0821589953417945
4.454682899702636
3.7173665933657287
3.1197809432657606
3.4717802322315925
2.480260465627043
3.1706413888118483
3.284864911791427
3.4135263423310516
2.580823996811487
3.058527177059902
2.633185807471869
3.105506084078635
2.5642801542903224
2.9654688072758835
3.163235403626568
2.975344902642638
3.683462077064362
3.1802839158557963
3.1286889918062957
2.5120530525952787
2.9819332439947823
2.537172847326584
3.001116925515541
2.513860151391098
2.495894362873594
2.544401796366638
2.7768030025182826
2.7709577072518927
3.2818018215856597
2.6905717243697405
2.7177985747885782
3.1690139453821478
3.3203472467970663
3.8598936008652656
4.015598394660895
4.133164897419676
3.856388175273617
6.7200670152619
5.981048117993771
6.715874279291017
4.774553808026911
2.5562908620865854
3.020531052750473
3.5104448011053275
3.437218755566741
3.486797380804376
3.445126952415782
3.081706876723021
3.680305188880189
2.714491508787031
3.1932289262079507
3.0694522691407617
3.0842825638678777
2.7539085440774294
2.680532132468345
2.801316969690654
3.2223547302173174
4.400086355387735
3.27786520403329
3.5330985662533307
2.436361768801876
3.094008315341074
6.730969321822208
8.067806412729782
7.752108661598493
8.352396314520538
5.560248043463469
3.011592346383603
2.9167261462828105
2.9547712773967088
2.519800081579939
2.274978555231107
2.5524267180910947
2.650906897695042
2.144838522851811
2.41777361559853
2.356233317052036
2.2253143737264933
1.9766594833461288
2.518663252323318
2.004256057437475
4.028225562111103
4.298394136660441
4.391987701557664
4.988617761317114
4.039770922371333
4.724929742324632
4.1346527502088835
4.397862237416469
4.5403396353341225
2.948518534957387
3.388762897389591
5.430496860556405
4.392150902291088
4.953453566796249
4.448489918339623
2.5491181681342536
3.009223082061028
2.5782122865013615
3.1960767013419615
3.746757368122137
4.868155646680105
3.7699543447396837
3.0622050157223923
3.18576293531099
2.8104214707232837
2.5443216708030802
2.4797121390667254
2.7590983161903635
2.5214881951663886
2.5533160028197868
2.5630234852300227
2.4276747876147593
2.7420885492605276
2.4118832066722184
2.887775675773191
3.222736573559494
2.8710312713823747
2.5864885081632893
3.4170917390998783
3.362799522749429
3.5566257101709002
2.8906018276903573
2.391421400682655
2.3361320199664295
2.7529627372236547
2.2405369622651503
2.255412661978673
2.905375520421611
2.737900727925779
3.339707270537299
4.237988169510229
3.3779922103037427
3.2639010303626015
3.445349249607184
3.211894048453406
3.368944255291143
3.3712005641345524
3.4361379348459917
2.9710449161267354
3.158142421228178
2.167872815256186
2.5342188663351193
2.762538067557662
3.270775637588303
2.9313059069559637
3.7853965220135333
3.2016457575031696
3.5362092537198375
3.509508093110314
4.109440254647322
3.7695914805806114
3.3303134911111476
4.429937950336491
3.569851242087109
3.0305385571157455
3.2266752349187175
3.004447926364581
2.319663509976633
2.444798706559045
2.750054254016095
2.76656330971735
3.1105219036654854
2.6056005647267066
2.610825324561903
2.626239162626115
3.119231061157691
3.829623004956089
3.4581994041614452
2.5998033447128144
2.617914628609624
2.6107592551810854
2.7920162984191683
2.634949359027924
3.077343177981873
3.320745733390144
2.7527826670108455
3.054885578899428
3.167037246618131
2.5197986700919124
3.054439483293624
2.9902638010229303
3.1139738894562496
2.5928330759786506
3.849206819431762
4.771558867374235
4.060112565998814
4.827036103338826
3.5048566757530137
2.5297733832033837
2.4840130323741327
3.4963406660262795
2.5855893044503637
3.1731832307959396
3.1742056355835793
3.9369046921942266
3.27206548096608
4.095832538122422
2.569058243081599
3.44578285133331
3.9304021388723
2.5193803106497152
2.930465603404963
2.517791547310624
3.7789774578321724
2.6386749318225555
2.9966015188712345
3.9418928013243315
7.819294815189304
9.508624433158053
9.69775592062853
9.29495629778718
8.637435862396613
3.5870364473622653
2.770656199562321
2.1392070777995693
2.63074822289039
2.713425966288857
3.556461446276546
3.264477741691222
3.357236628506034
3.108160889471796
3.2614720948917477
3.222478350708525
3.1627847543856706
3.5382217580916957
2.8894746917894576
3.8953549635661613
3.394840436533302
4.176318409374508
3.3454841819444225
2.5156122786515924
2.173442133286988
2.3390765512172282
2.436549919624402
2.1945718987779914
2.4723202699902744
2.8221116667932167
3.204710305171586
2.768675201642942
5.155677240565617
7.971832846722029
8.904830496283342
8.054767085607192
6.286187104314715
2.4567104454346405
3.353232090491393
3.310268569431518
3.0071082692757556
2.9782353630328986
2.994692171303577
3.050251005490218
2.6441963150183967
2.338056937895567
2.391298452489823
3.641308674256953
5.822717831522511
5.059106667707607
6.344906813628558
4.142062857728028
2.993731628387815
2.215981587388721
2.361227560112241
2.5083073814286148
2.6792584007277305
2.513744498841068
2.119552813533188
3.0792710715746274
2.822478241808931
3.111666688847048
3.1199218014407153
2.9507882231774647
3.330568203162275
2.7334601059656474
3.04940226276702
2.982219919258191
2.8613300882431316
2.807380074191566
2.553911908527098
2.274827632050661
2.1662052144938433
2.1302275950598517
2.471308937656377
3.004473366859358
2.814370008551901
3.319127323955418
3.1450661180499515
2.749297504969678
3.3976356680078483
3.541863008214542
3.4293616933559306
2.9557264277536546
2.9353891289530054
2.956732950499061
3.09983374024084
3.4797384696511684
2.584180105111607
2.6942638418868863
2.7177759775394237
3.3364662200979605
4.184876779828782
4.688296314183973
5.756751830440632
5.1615221223708065
3.6792596749082818
4.025806218202527
3.5664220805256277
5.679560559006211
5.441910217801523
4.951866648337043
4.253782657563611
3.1888606339793584
2.502779912110342
2.754214687873838
3.5148343344885764
5.391003274053175
5.151554552642096
6.130583045209862
3.7278718571157707
2.9763041197660427
2.820448640844031
3.0320712821661093
3.092527476921347
3.3888101648348896
2.8657552025431245
3.525649138922662
3.4748409920446988
3.4748686870351886
3.612263486031854
3.3522394704501313
2.98809901819179
4.141477502428432
3.4891226625478775
3.302815612556167
3.490908129073338
2.390257285829117
2.468795074959875
3.285804574670509
3.8369833755234612
4.056497424698375
4.709387214983746
3.8270271231649837
3.683115643343257
4.630438237836962
4.566969782932261
3.910911726132456
4.547316936650518
3.6563540807254267
4.342640951691643
3.9681250500684517
3.28720954471481
3.8795668224417734
3.4129095484578285
3.5013658245244472
3.1673295067845832
3.4879089336407447
3.629370987602007
3.764677687052938
3.752604386283897
3.2421109981179073
