-4.762249922001963
-4.898302001382136
-5.8174901449532515
-3.898584924025026
10.86029577635245
3.6356639082143647
-6.113962599772481
-4.857687787466788
10.584842305221864
3.028989963596827
-5.945092894285661
-4.753131999413174
9.771878634588301
3.879089352373783
-6.368281987851328
-5.194184925465101
-5.411027898847927
-5.012823495476025
-6.053460475402414
-4.220198558036262
-6.154206387023065
-5.163059560183479
-5.610618862228978
-5.241161327079504
-5.536530373450578
-4.519210766761605
-5.524754983867259
-5.387021437482368
10.377679172960558
3.3140031653406754
-5.787821110911727
-4.757197434549809
10.27212957894345
3.887754571235134
-5.803989283857135
-4.613611352648158
-6.063573097466792
-5.147964613184805
-5.7507049406312785
-5.080554216738201
10.325171921477404
3.5375799439493867
9.787103272766295
3.176619950497483
-6.363324366766699
-4.3703980896373835
10.08846533014568
3.5735934053011658
-6.037137531395849
-5.29617358710833
-6.233697230165899
-5.129238258843731
11.012149619665827
3.241885843574252
9.647570011522493
3.6826812633132375
9.750081993198323
3.6576145464103096
-6.118644663597862
-3.7878855946311365
-5.605736725174625
-4.83759246078001
-6.355852788898578
-5.241174113101852
-5.216328323772317
-3.8406445577159416
10.076982358748536
3.508212297676649
-5.72249613740789
-5.400548805314363
9.997325838247553
2.766172330922741
9.911807838048158
3.624525909823448
10.251954489850071
2.737134936197773
-5.117375365834008
-4.347664845037436
-6.439045498687281
-4.073792260810186
-5.545487672553049
-4.552592129496418
-5.534701988717194
-5.066059323355624
9.991704794151083
3.3206838291007164
-6.269572837340981
-4.890405081113711
10.738342757052703
2.4716606425478274
-6.189025925022557
-4.6764396383694535
-6.862621435596021
-4.641579378664633
-5.643320083761402
-4.552718311312381
10.591441855952262
2.747221785803468
-5.88778170481372
-4.669018690392605
9.349178950969849
3.4557754725630585
-6.0869064609519405
-5.20863021183028
11.057461986534305
3.387987083177399
9.000068242811183
1.7374561899087415
9.06559603739981
3.085902013212191
-6.160093067393787
-4.904598324041934
9.843484493943844
3.7682620309414903
10.131595626849588
2.6631426356462486
-5.62082806297315
-3.94438999081994
-6.058291566204107
-4.688880276353775
-6.0397235156721525
-5.033835126427032
-5.493722014650382
-5.331160773736227
10.07106441031575
2.6138612892726263
-6.268412470548819
-4.982055177901665
-6.608146394420125
-5.336582740517926
9.309359796944873
2.8164966436899252
10.200304290261062
3.2941288638328006
-6.516066320942883
-4.658518624705488
-6.794696554604
-4.001152920908254
-6.987520606500013
-5.3400035517589455
-5.7035968520185705
-4.733802759961854
-5.611985748123966
-5.457113457462795
10.25620290151119
2.641092680936551
10.234876155059137
2.8968012076713223
9.70067916326998
3.6430292167159144
-6.261083379691516
-5.322550678241782
-5.780904729910557
-5.390984682543479
-5.853818821309261
-5.059106754930911
-5.9342310484836975
-5.417344970006481
2.2349018715809863
-0.49522608208130725
2.2859188311250955
-1.592792584029029
10.362864999801582
3.106191018542336
-6.347558709094893
-5.793133101535438
-6.011925875110525
-4.6135434262477
10.103588724648503
3.1844441454400614
-5.618567161131205
-5.481682768565942
9.870118198074652
3.1170035384175794
9.26365740678499
3.271219823845163
10.295386682877483
3.805625631098884
-5.23877648103458
-4.857678343238116
-5.87278625724156
-5.179033490187848
-5.311490888655163
-5.708366225263606
-5.923163558449755
-4.977067870434837
-6.8540137396607905
-4.473805465969657
8.978817631459684
2.1055518786645293
10.984831006127665
2.3845409411627743
-7.102164115573941
-4.967096506202191
11.427278389566622
2.525426584148134
-5.482609442397918
-4.77762689734261
9.582399359447358
3.0805656532245314
10.3084256815682
2.2334139233750077
-5.780983154168397
-4.488645409687958
9.494549143958277
3.1935409078962054
10.126001604678768
2.6181343529343777
9.388638197149755
3.336603784898479
-5.939012763252803
-5.038204425218833
-6.137581869631603
-5.064544182947496
9.933869515072631
3.0042755563888845
10.521775050388092
3.4988167154506575
9.71246929098573
3.498648398549909
9.90641346292524
2.379566806526518
-5.711073210896547
-4.371984498093023
-5.566515026678153
-5.025113628409964
-6.379460495623131
-5.413467598301575
9.21854196926265
2.7284436842235023
9.282081353267383
3.2796385994162884
-5.902097975069569
-5.341728021617734
10.089842865852905
2.524374005754952
-5.686628120488289
-5.328424240665577
10.069247915090061
3.931511507406385
10.647974390674559
2.8151276662731517
-5.924068438025544
-5.390514486969815
10.024858733083809
3.0294666043581655
-6.485360984541317
-4.8564319468269925
10.719281045181976
3.4590256868333027
10.300049540166828
2.96870432492909
-5.276813840213152
-5.265441137566238
9.427410352967481
3.4495426966636065
9.061993756241158
3.190300391539042
10.590206168117499
2.2328465635418864
9.210356345760676
3.356513128378352
-5.619249615967649
-5.373502268879543
9.971080281360912
3.3503876293655006
-5.8231426258679635
-4.927462507927736
-5.512720271718415
-5.4340866514498884
9.499614855495816
3.1678140898714893
-5.991427504866501
-5.263413982841458
-6.013095984917162
-5.1534577865096995
10.074694851868735
2.8075623029817462
-5.6016052293697065
-5.6437060386560205
-6.75870048390602
-5.109032827215336
-6.351811971456069
-4.965851825532611
9.813565122180236
4.411245474373407
-5.887866045772717
-5.213552882440333
-5.5487024131679075
-4.383138935304253
-5.976375351206527
-5.37623671357148
-5.782969768508995
-4.821510799234137
-6.542950407557879
-4.567384379349694
-6.709685255696569
-5.15376240050855
-6.5890343194654
-4.566207113132611
10.032782027261584
2.9327013280614627
-6.086410686490592
-4.9216636912821485
10.002354239352774
2.551507169920604
10.637086322341425
3.5356474879272763
-5.196655089058531
-5.345605293682884
9.961960377402935
2.994261830472254
-5.963416016947324
-5.589632280386311
-6.136479253792413
-5.393449023072149
11.187564175292957
2.888186050592983
10.115480452314646
4.073511191130089
-5.902832602820347
-4.909414834886095
-5.6564544318616745
-6.074019263649728
10.523951778462537
3.0717550008670664
10.340734108970247
2.781961649499358
10.108813852924852
2.8744051716860963
-5.1797160745360955
-5.14772844907966
-6.403401529189479
-4.982368886759951
9.763912170060616
3.948882535762145
10.752584467068742
3.3742894008540674
-6.227116673531946
-4.310153174911999
-5.581372592591497
-5.695492307673843
9.76477765950193
3.072857850558634
-5.282489784974977
-5.558308413417297
-6.7447121287171505
-5.073006436538143
1.582617365976533
-0.5094102547793559
2.2768618720611986
-2.0417252135361523
-6.213856557323419
-5.293494488560515
9.210977886920144
3.533407979325884
-6.184895015247005
-5.301104221934363
-5.1484820212882365
-5.477695879292276
9.692898421822395
2.487453093837424
-6.53431329366302
-5.952902586120806
10.783453259341078
3.005688778188445
10.134864975708414
3.2931476957194814
9.561431553207559
2.2395852173268493
9.678050562623092
3.073412951938374
9.21539081732137
2.7914640949398346
-5.666595920809373
-4.498420505586156
-6.37217863319252
-4.710825801631479
-5.178523981406247
-4.758071294375301
9.870688098309227
2.851953597691686
-5.258579108290965
-5.2939275103711285
-5.196311697313424
-5.31562083229364
10.63691433960437
3.180635433661516
1.7764198401765827
0.0201200840224951
3.756638863316192
-1.3812440938286215
11.026856869954678
2.950430066493244
9.295414219600952
3.6734116032297424
10.225598759499785
3.1739284208211016
10.544365650132322
2.847250209361064
10.067551443418695
3.2116581430724747
10.214760127864693
3.154133656172478
-4.800918601964217
-5.1615875903276205
-6.366070382353704
-5.269047495136219
-6.307951924447245
-4.884790253654714
9.600046986047145
2.8511341051850305
-5.861136707637291
-5.326187954714897
10.11494256074112
2.4197642640208445
-6.851002491832805
-5.682624478617596
-5.406277613098645
-5.630071407327066
-5.738951382299984
-5.9397309909769
8.836001280322325
3.401381186135857
9.634935726271951
2.454470066006931
-5.911830273402402
-4.069275507382475
9.851958803977418
2.8063902446681603
-6.172517778479422
-5.395312496583023
10.368316537775998
3.1987084891969704
9.613452498341799
3.473758226137287
-5.740293778838478
-5.348579547383139
-6.045547201485678
-5.455134893863236
10.12084483866912
2.8579474811794925
-5.778354863613861
-4.774122988239927
-5.812171776326949
-4.724288644947183
-5.929469967686892
-5.5968080222470125
-6.091331459445575
-5.5260959756084125
-5.812843445148321
-5.421069079736941
8.493346335312685
3.2556020147850795
9.457658148179306
3.5294747858058564
-5.2399448326396065
-5.208790643871806
10.507896425017162
2.907571765022125
-6.232380733034691
-4.940428454105413
-5.480261500718367
-4.630998863007916
-5.88501545633383
-3.74699016795019
10.395639194670334
2.7654620846351152
10.379052261992026
3.754811562193015
9.802636331157608
3.855630598783778
-6.826194892737027
-5.212524031984943
9.72369862768936
2.6155184549955703
-5.486057817863999
-5.394983332726846
-5.763130894007755
-3.770289585400568
0.6452804264042131
-1.5662778560003345
1.2389307242616754
-1.645791252238923
-6.054225515287966
-4.486055809358284
8.972224775071677
3.35652274694322
10.442843115299768
2.8164595282483327
-5.910800976149013
-5.195347510822612
-6.820571791065204
-5.6644933655321115
-6.2858211209780706
-5.56697996806872
-6.212234457858624
-5.443248577925381
-6.090359042367292
-4.268190706628996
-5.659856725724987
-5.360245352157971
-5.789681230171414
-4.045483732936926
9.734383976373914
3.3969166145847405
-6.019915966753509
-5.5853702315331235
-6.194294912468772
-5.041276266761886
10.274680145822927
3.0681104863492625
-5.6532751019531515
-5.41937774963169
-5.916247963861159
-5.213769121167311
-5.045852682652781
-5.3891946043808145
-5.629236438103935
-5.381278191310579
-6.700998142170794
-5.257238376830597
10.17061537010401
3.781840658312717
9.984176852417203
3.2421042257690997
-5.684182978730618
-5.516285525919819
-6.052189638379546
-4.3663877341668895
-6.6454317964153224
-4.553927907048452
9.933836958821946
3.8746953842067375
9.512382050394336
2.339066045581249
-6.08886897699391
-4.892709728867551
-6.524313551128456
-5.3773989006841045
-7.191440347064456
-5.091678901346708
-5.334510512468634
-4.797845007812884
9.717926920157948
3.4485433103100998
9.127714293960107
2.89374861690702
-6.204116938138174
-5.5378954054313905
10.048898455615195
2.370236202165514
-5.642290953893082
-4.813160341608138
10.514145145390048
2.8101876438430486
9.624278368561134
3.255185451506417
-5.8668971104534675
-5.544074863899454
9.916741510163998
2.406347384227389
-5.969467264496956
-5.079881650518741
10.826390184485193
2.737653222219808
9.798352956453215
2.996250511402312
-5.349255472665495
-5.1412093224594
-6.724916887762431
-5.34820653770601
9.926508528264714
3.153863356659099
9.977428809609775
3.23613735596381
-6.628672400975246
-4.521069183883506
-5.685315698288408
-4.71935169118268
-5.800036995460063
-4.626329838427583
-6.448895186808406
-4.4950755215288005
-6.226774396338661
-5.031013343792838
-5.6200429948493085
-4.324617138061725
9.902586575605884
3.4205116974115306
-5.29558710804943
-5.53257305875745
9.967936091085404
3.1634482587555084
-5.3891354487548595
-5.0942593169097385
10.132756479152272
2.1468510515505477
10.954481985929077
3.968518358954967
10.119996920087877
2.8877285692998615
-6.140002877131029
-5.518756246385374
9.106380105438253
2.308325966377474
-6.9723385902979755
-5.009728178554909
-6.523215563253854
-4.896934547705959
-6.060301304215258
-5.223640525647531
10.23636405180277
3.194253965409909
-5.910003103560623
-4.895315854173335
-5.953804503235506
-5.310634538934732
9.951643721470495
3.7451724875197163
-5.7243451495565445
-5.037293497191086
10.158695476649605
2.6899608173674254
10.262850335785853
3.8096472669234185
9.463900538940074
2.858832818331246
10.517242329938007
3.418239232866932
9.45456840028059
3.475055450668873
10.331255125356531
3.444552235145059
10.687011285440757
2.9295812996156254
-6.767237710514134
-4.292643218175072
-6.168394253928393
-5.333904697652363
9.477349318116755
2.546775068027978
9.71045922535188
2.8690989182188162
9.607286300999332
3.3512702660788554
9.380386130507501
2.0530695403563333
-5.967552650258267
-4.9581992735525064
10.10184961344788
2.9579090638148187
9.67538994745059
2.631931528357214
9.782494077501756
3.3385378192726636
-6.150391876976701
-5.082807325340225
9.95535198186066
3.2367264006465537
9.087061467015447
3.085184051106073
-7.137130111292842
-4.786962693809989
-5.952648305653125
-5.278140534019859
-5.846152887172245
-4.757838446061593
9.820706207140597
3.004259381887422
10.763384055674974
2.7999073745900285
-6.30017247144887
-4.608750721186374
-5.349925134268232
-5.505136643772993
10.079383220847854
2.9575258660842447
9.897910385436045
2.471159535054208
-5.656602960136229
-5.4140861626525165
-5.228163383685259
-5.3159276669114295
10.68182891866132
2.5840423882255106
9.70988911262409
2.740758650495238
-6.876733671409516
-4.9388499201827445
9.42268651046339
4.14402125483965
-5.803993584631259
-5.142009711786622
-6.109367576633968
-4.541099105716548
-5.92691346284564
-4.600449589156719
-6.238355442000457
-5.500079973127681
10.712112240991093
2.883527008638944
10.577886573519208
2.7263054225310386
9.78902483018316
2.6253102727853976
9.112114670362425
3.3138295557687583
-6.425942975381352
-5.083251692549242
-5.745805584809131
-5.06199101355934
9.75130831863809
2.8108169646660794
-5.975366550404254
-5.451299234547981
10.244793432703123
3.008551886481478
-6.058531877824391
-4.8583841327629855
-5.5418046573261055
-5.922047173584069
-6.730554213351845
-4.930320301781832
9.50901641495452
3.0580940304282094
-6.6706502234485
-4.914170850875746
10.415142741199498
3.180516023368678
-6.208154479648398
-4.402879782478672
9.82976262435566
2.7329112902615744
-5.96541910418526
-3.949013793101938
9.559972094693899
3.5029866192896577
-5.987502382931377
-4.187122172738651
10.389688587458686
2.711371552377347
10.05356308614183
3.2701817412412906
9.964058365445423
2.408910115639374
9.752994338021855
3.4227544987375027
-6.100947655899186
-4.427175811861618
9.605821241501578
2.942278777086519
9.885944400005478
2.7360121097419476
10.437220977948732
4.072079892600253
-6.41227928436252
-5.2427994451602284
9.684411029531583
1.9924450671103722
10.074678000616634
3.5689215284755167
9.991755479233996
2.7394367702540006
-6.388041155159594
-4.123455505921218
9.56534802464823
2.3605147848664285
10.570003598100882
3.474120874537084
10.16902103838324
3.190514989607827
-6.169242867648393
-4.944479509718003
-5.8332595522851465
-4.859668231223466
10.506722823130119
3.7931165334571237
-5.860205153032017
-5.79054082123653
-6.182681559284738
-4.889868294695894
10.657386314458973
2.898184554395793
-5.521434831742866
-4.638680941359068
-7.1184670503567204
-5.33401969409863
-6.381690093474576
-5.992951429521422
9.155793158665002
2.644735769364801
-6.459503725824686
-4.878490507514082
-6.103715370840533
-4.6283124214451785
-4.820384835079131
-5.315416683127075
9.90762597614248
2.5712219483468153
10.358941098758736
2.733061941429248
10.607496957985662
3.1401004486844286
-5.819041352964202
-5.694885779050458
9.83565716484063
3.635443808631889
10.537191917064614
2.798594295353594
-5.20951230860541
-5.126701417014364
10.063005597569813
2.425469605578454
-6.453076956492258
-4.501244523568791
-6.150051356852891
-5.246338091624377
9.873901577485528
3.283137565985054
9.420026083424284
2.7950361729398443
-5.346765228827465
-4.908382802561298
10.209924506965882
2.4423303888246557
9.908182055867286
2.4685046813719485
10.052301088338151
3.5079726217087708
9.85018985128921
2.8255136460582873
-6.272507967922897
-4.6294961460634445
-6.297624401846774
-4.804104332484442
-5.453033946860866
-5.5144788365926525
-5.235358374890069
-5.614365009955167
-6.020287508141317
-5.027634348428433
-6.0553850799815185
-4.987276645626508
10.356556459771278
3.5295922196691727
-6.604489063188835
-5.515125355809102
-5.391776480819665
-4.440499125802695
10.093532612963585
3.2480031186444367
10.221713949303016
3.864622310129666
10.479295870823973
3.0319614423454397
-6.60397743300546
-4.882623230971508
9.883573222422108
2.8710083915916433
-5.938162042563714
-5.1757140530292975
-5.499281416560364
-4.815694603770784
-6.378472786594642
-5.311494596870642
-5.864393785881704
-6.228114608105804
-6.378504003424348
-4.583574226323267
-5.453305781014627
-5.468203780524736
9.771948908201198
2.822999398821541
-5.316605947642301
-5.146016788858864
-5.9502101750795955
-4.766045847140707
9.254976006443837
3.1767677297988777
-5.455327344098281
-4.652968277252032
10.239240280787545
2.6185087633093436
10.252847090826828
2.7101561068620397
-5.671439305564333
-4.4832520550201975
9.677963794146569
3.4110267951266042
10.168388689171316
2.5201446869164092
10.009292820231924
3.921128374391606
-6.526415135216945
-5.0564686978881435
-5.88798140460536
-4.280852392754187
9.163045833552125
2.7725897764524916
-6.505123074609191
-4.877101103246514
9.913371420739407
3.7759902135058034
-5.874441071344135
-4.43893496441006
-6.479751250324601
-5.454536626458406
9.6400888590084
3.1483021142666985
10.689157623786848
3.191079400014765
-6.45921837163914
-5.321915948838133
10.097967631915912
3.1643105075540885
-6.791338173679847
-4.99582920933654
9.895283342133832
2.89353718191621
10.857060705117892
2.7277177824880394
9.385887835081265
3.290920411350895
-5.878709632990371
-5.267830364065809
9.982774870530038
2.2818370509799992
9.413371376213188
3.3588957724765085
-6.319019032762182
-5.723993903616246
-6.309079987371051
-4.6893807866935955
10.450212691892972
3.0563192277706293
10.248377052000624
2.901337528050375
-5.51865707771479
-5.757699861176719
-5.781241439470371
-5.981520824162709
9.81807244597129
3.018932309658372
-6.414484855319633
-5.028009059062278
9.951700068224955
3.0129371652898636
10.556159812318452
3.193558802435885
-5.6567082274352884
-3.8011382890840038
-5.130593793684155
-5.278059585854869
-6.179228914618797
-5.504255379544178
10.439475330954451
3.392490627622974
10.079711485818896
2.434977458153036
-5.324477265929293
-4.519351485996602
-6.40409234455263
-5.901650099485136
9.460621407285071
2.1488637292421457
10.423876302286763
2.8480431820383703
10.178728354289644
4.026355011004961
10.699620900875958
3.1722927761571715
-6.67349318829356
-4.911262765063719
10.129117690376072
2.90913543059767
-5.176221575417493
-5.160621784302455
-6.149155498677771
-4.29944230277405
9.947532683262526
3.260079740485622
-6.6055167209563495
-5.010813015108914
-6.693087407954156
-5.50496008684585
-6.240109287359326
-5.532742084183507
-6.279989437481049
-6.436955787545431
-5.52352086851137
-6.041988181118798
-6.5588067963743235
-5.2674100623976
-6.481697594719841
-4.188933139146792
9.057371076031346
3.1396301127360355
9.760686006382413
2.672000718389902
8.66951930231159
2.368140504242651
10.215640425162512
3.254898773258853
10.393904797143282
3.2248003042572164
9.907769386182961
3.893786709482007
8.732347103448797
3.481021032271355
10.003586723414843
2.980838440221732
-6.270917986383339
-5.94987301500489
-5.596528101654438
-4.655598120327588
-6.276898025641791
-4.4581237891544685
-5.27373108687789
-4.349408243823752
9.623496264148521
2.507312464892903
-6.537980122651331
-5.570427824472893
-5.772638941840696
-4.958416560748471
9.806956109237671
2.0373464875336635
10.032891303163586
2.8376930338020947
-5.968932600011029
-4.513493457497275
10.407517389446571
2.61801553309377
-6.169176142888007
-5.224197843749155
-5.268723939170278
-5.746695284813831
-4.996773958367279
-5.1520960262337985
10.008217211184174
2.8140535746988307
-6.082997947871613
-5.39175200233231
-6.102439193676323
-4.9324974191845
-5.830833620219465
-5.42179953580717
9.427839440811686
2.458845787375151
10.439679330130783
3.110516135479828
9.962583952185955
3.414597560989917
-5.800205146242151
-4.661563922491476
-6.606544510852283
-4.775862286002369
-6.707398034369694
-5.150595256431171
11.12951331927171
3.2930968092478357
-5.660609975754384
-5.456405673103735
10.172874293273503
2.8714355269004255
-5.751135552210183
-4.134561898784042
-4.832512095397851
-4.554220450958414
-5.6300718842473305
-5.308542999387177
-5.905263323026071
-5.1580703017234475
9.578405146462035
2.5181382897903304
-5.94069768568518
-5.53619251045126
9.988066828221756
3.371519013924527
-6.398501015454142
-4.445275789380991
-5.8520304378875725
-4.4372801605934935
9.881723636164208
3.4275488428235787
-5.707288462482944
-4.605459233078468
10.486426616881158
2.6357361941526567
-5.366942572741648
-4.868980337773965
-5.7530656899133295
-5.1008799422879445
9.997028345919839
2.932997959925358
10.414648544605337
3.2399786067030956
-6.927761808577109
-5.192328715074177
-5.700569496856294
-4.725745419237247
9.778421705329631
2.7546872165944487
-5.795122524135755
-3.546936790299233
-6.336952803121565
-5.235835291002063
9.751101670532515
2.8310822164653096
-6.329558650402692
-5.51769503565426
-5.127920604386016
-4.635947699310244
9.526176907254921
3.1621068272559194
-6.008825183412444
-5.097821376225545
10.311542570208136
2.899408647619729
10.308016450536188
3.054615028771469
10.689590537312807
3.235324032609883
10.420669726285112
2.7258888856530397
9.503420471818547
3.492269101519214
-5.718591241879744
-5.162206147102475
-6.926181013038115
-4.892366762271269
9.234108236759006
3.207524349510202
9.021388656982769
2.854265568527186
-5.772762083357967
-5.274602831732254
10.273784556829886
2.8665055798783388
-6.111075430745713
-5.871704745227486
10.179467699867208
3.469077317211172
-6.275369372264165
-3.79078169119472
-4.76821263026744
-5.965139210664411
-6.820060968422234
-5.438776809121994
9.646156517804556
3.133705262432167
9.64257768157354
2.972855208026462
9.814135784351478
3.192236714816693
9.290510766040455
3.8617178281667814
-6.460060698979427
-5.447087332616182
-5.473232406384145
-4.534736229387118
9.72830037636238
3.244371175578108
9.578254543730504
2.1520396269736715
-6.788120624290767
-4.363676045285868
9.888396715793691
3.019757723490349
10.345435217866436
3.4991505069887183
9.214305842682004
3.0775574526861114
9.852098174616314
3.864504751946267
-5.468516873186443
-5.522510585619305
10.161169315444363
3.014867321873782
10.36231931430283
3.1436465150062554
-6.366051337304452
-4.8927814817161
-5.8067616899457875
-4.876970566132418
-6.508451353440711
-3.8944784398367593
10.477633036851504
3.3449579527118436
10.354648223880302
3.388727412195611
-5.223804554169277
-4.548276512907983
10.630367122692615
3.7775060839056307
10.221736355588448
3.403797616110533
-6.58408633582903
-4.933081900375612
-6.361737224578085
-4.608648192671149
10.702908912466624
2.9144532949642836
9.342005113241335
2.8820648684893415
9.9128867867793
2.3339378426246
9.22106703080962
3.153766209976351
10.325278525715492
3.3624640878775973
9.971285201578521
3.4230558922992276
9.748480482605615
3.5688606031427854
2.7986048036393956
0.16115018581481944
2.1794242477130337
0.08009464222568297
10.484377827650889
2.9548095858667303
9.929930349526007
2.830329796933481
10.721183788491526
2.7548945239006937
9.308304876783854
3.4080257261929208
9.514248790361567
2.8138157538777078
-6.093584470642453
-5.163069774137611
-5.446119051367112
-5.859973833561197
9.786424503023802
3.1058443406131815
-6.048280159297072
-4.850505857723442
11.076332616646575
2.645054117943327
-6.870456977557455
-4.3730700761360435
8.937255064270598
3.033693088943737
9.7242971959217
3.612009078173307
10.05906169845806
2.987189704785216
10.167219976664818
3.061500210095837
-6.463886191638289
-5.559964394211551
9.673853007631068
1.9947392896437766
10.399394912953996
3.448545146687022
-6.108870550789004
-4.570989757392204
-6.442728488043022
-5.15542686517123
-6.804170193621788
-4.362099224864128
10.100635498414157
3.6956728776372056
9.49884722298929
2.989165465010488
9.81928284817327
2.734853876699512
10.212600804729249
2.9141225617306024
9.382948274484507
2.318767222734169
-5.845539633721269
-4.074325574142119
11.110285140846331
3.3022840660857504
10.054209076470348
3.079221494249425
9.777742729062936
3.062302796659237
9.186384679516026
2.7105418673262136
9.58481198403383
2.7310005694311177
10.428523894225604
2.089503649294963
-5.840315055347071
-4.699417121125512
3.135020687263429
-1.4970684286779288
3.816285355957806
-1.0441608183449345
-6.153769292555598
-5.275066760274154
10.528422308250596
2.733735262616995
-6.120320008416897
-6.259530355265634
-6.137611017015237
-5.5097468188790195
10.767677856797468
3.0741527174563807
10.210210063012642
3.706119818616819
9.637577841590819
2.318444039322251
-6.504512901030782
-6.376540112413271
1.4004136109420517
-0.49222663709653525
0.5012328817245306
-1.3691172765664625
10.127436960100072
2.630383384266869
9.736230854978347
3.3126397191495007
9.994315507938545
3.4460230959285827
-5.579818802445592
-5.300626996392337
10.859212186371009
2.333325347627764
10.690023929209673
2.610383463164429
-5.533427191158127
-5.440166946704532
-6.730531672920338
-4.230172487645778
-6.082987568876872
-4.081521891340313
-5.766790705806143
-4.1377187946916365
9.839904311218662
3.3776255217179134
10.38635561513446
3.3012019552231266
-5.640187696878407
-4.84277662216728
10.040529171009492
3.2038424829944647
-6.154006093875066
-4.987036365589008
11.30759987636408
3.2278489537474346
9.622472784132267
3.3236245908260478
-5.644300289266164
-5.420926919737265
-6.750918408628782
-3.6846715423380205
10.107487442597439
3.4727748853036426
10.25000463873058
3.64881417628533
9.933972463196891
2.913358250944878
-6.001261897089429
-5.572373233559797
-5.736788573314435
-4.883487404048756
-6.873530960800561
-5.435696488872576
-6.411912702096115
-4.464618174017634
-6.11092187379878
-4.733602137257549
-7.390497361018544
-5.2176481259417145
10.125385934300882
2.4151201493565604
10.661462469105109
1.8106841302628656
-6.009910246337108
-4.582148778248184
-6.053355294696185
-4.644672804541313
-5.684881742640976
-5.207376667932559
10.318071752484862
3.0976313911220648
-5.993662970132626
-4.260290031969508
-5.868435378794462
-4.85155426961284
10.746234395425361
2.7697440736619057
-5.810258680468034
-4.942163545830075
-6.13785743216505
-4.825896289971152
-5.926574314587775
-5.27983912793803
10.684704995167191
2.3482452868279644
-5.9242337666665605
-5.346824963528103
-5.665949304553714
-5.470720933854194
-5.528514836967434
-4.950873300924319
9.477736820235236
3.1866612510096166
9.812207257912558
2.938422070605972
10.205777615789517
2.972421344402434
-6.301408459506554
-5.5870599200854825
-6.4977834119867905
-4.665359408332189
-5.738222541616448
-4.538433354818766
9.702629601346434
3.4767981575692453
-5.183173569462296
-4.28205688230144
-6.500196796701575
-5.282543001253336
10.231517229954932
2.4669412594089692
-5.3262696326505115
-5.471073183712726
-5.4389220303128445
-5.450132957408369
-5.0775781796784525
-4.541646256546678
9.588082432725349
2.978470857024463
9.944610562060435
2.193495132145185
-5.822804762572682
-4.509406335443592
-5.860425411117266
-4.677918938954749
9.77050243051638
3.361729827454192
9.117130952371404
4.08531174115806
9.148550524426176
4.288160702478641
-6.704249971665319
-5.943768296108867
-4.8441945627996645
-5.2425317196370775
-5.358135336856715
-5.73862928875613
9.213739938928255
2.422591945206002
9.18766022967807
2.8383575607906852
9.996758400900683
3.068064959850693
9.93262364721759
2.4629704959547087
9.579926272381165
2.968739297230571
-5.657094898710352
-5.192465631689758
9.940710834566822
2.740282224063035
-6.170634597178079
-5.036477593293873
10.50095183454335
3.3827661234365896
10.455262808914272
3.597488265457029
8.776719958573267
2.9002803372756287
9.454211172746827
3.004347711085897
9.913428200512321
3.2458859323946805
-5.731813908654013
-5.0654070780011216
-6.846295859171368
-4.956781106087101
-5.57469492883797
-5.064281943593948
-5.7435510001983765
-4.732903383021488
-5.466470682393776
-4.507640076630262
-6.306936440474945
-5.094695018184097
9.721072940104508
3.094961836957226
-6.064750809835593
-5.845476017224396
9.494231640312336
4.129955335301356
-6.412247516371606
-4.859658922275562
9.65917211143949
2.691029738384951
-6.343508121647956
-5.033286070746284
10.615199079338383
2.5063090898667246
2.4893619987520443
-0.9023644867563012
2.0555019048124454
-1.7993773102750157
10.580557195155484
2.6149743542835107
-6.285712568235431
-4.497990515832282
8.861480027840049
2.1012819681690917
9.604130300319207
2.4507701417540204
-5.846671840195797
-5.211399675758126
9.192812594305618
3.086234843248244
9.221424524907446
3.243446328945509
9.318910807563443
2.6858849253441335
9.646620181239344
2.7578314602596956
10.002939290173442
3.522639886839411
10.250007544826625
2.1686313930375567
-5.750427421189836
-4.475832473603419
-5.971987874504427
-4.937626240039608
10.957990868656086
3.058491265183612
-4.493648294050276
-5.759617186059455
-5.5233193156119045
-5.392616034115564
-5.811068864711907
-4.689534253696785
11.526385112421709
2.8870756225025223
9.482366620998123
2.562069858021408
11.482621008653732
4.303729946683898
9.689326507434057
3.5572332029800817
-5.776078065412157
-5.189326492681204
9.66581796364599
3.5401820104731008
-7.438517805279798
-5.046880211855857
9.961324107122026
3.3558313482248177
10.55333686362138
3.0168599466549177
9.582814082137984
3.196489467604428
-6.186675991089415
-4.902763586548429
9.783358008168012
3.27873229965594
-6.315848516192828
-5.328101915658841
-6.080484130767558
-5.397843537370503
-5.818789383643958
-4.877091940953599
10.426431253573591
3.2064223363252693
-6.339413935165823
-5.254024136097129
-5.948307706445338
-5.265280440753938
-6.747407259390408
-5.3597030689099245
9.699871584626855
3.558481498212621
10.627736499721847
2.7232753872735804
9.338934276369333
2.5979172929207652
9.883406397993445
3.846766244897351
-6.273389976104331
-4.587663455528183
-5.589559483546922
-5.390002343112071
-6.417856126768501
-4.272717097327474
-6.588303938017308
-5.385262791065117
10.795735649961385
2.8636845337199643
10.401862066499262
3.499865039254458
9.771656930501011
2.866185966530609
10.517630079454408
3.557866751016294
10.727519903570284
3.041067828944732
9.45265672375892
2.8408989685722847
10.60565123543736
2.6497678118727475
10.121517668849592
2.9025548758293365
9.982981141063629
3.2890074644378613
10.0314183085567
3.0944164141591872
-6.244880041101227
-5.686175955539399
9.849626918032103
2.6848074153472425
9.39471723211809
2.5190125497003555
10.487664954210514
2.8272745454848756
-5.681613270726263
-4.892230161815645
-5.909043044650828
-3.934339706796462
-6.562452696587556
-5.050531769542493
1.0783081568617532
0.17045673089063218
2.5028743149878756
-2.3434230496451836
-5.847449664000078
-4.835763562825724
10.754126307657934
2.7330323257230926
10.963604206198253
3.714628321484546
10.25694504473639
2.0631489440884963
-6.315912564815966
-4.610234904308756
-6.011856924095838
-4.671701178309798
9.862670290204068
3.106078939396097
10.030073789477777
3.8963364067552644
-6.023292915524164
-5.698934687480079
-6.56985484054628
-4.907264594793644
-5.835676572604764
-5.176976086824065
-6.277004946826306
-4.747112604490674
9.28875104964838
3.037229080137467
3.3618813507849223
0.5489649334734574
0.7133153272900377
-1.0158597676200964
10.799822152855363
2.366992871842786
10.059857404149314
3.700858707195363
10.044664133828162
2.8061273381138276
10.102020730360923
3.690430939187646
10.610403497374657
3.393501318320002
0.320071699420458
-0.9574777631775698
2.519781126254135
-1.0348189550581182
9.08667945980747
2.7779905445120887
-5.458677907843171
-5.925580411525901
-6.945096715187965
-4.282577729983055
-5.790177159942657
-5.433625650831557
10.65920999478973
3.323886865632254
9.748426278707788
1.718398234730058
10.468970827370418
2.937745464445477
10.407894934903675
3.378403133274531
-6.539410807833328
-4.163964490600113
-5.512741234043661
-4.620523482091557
9.555094875820881
2.82503698770607
10.29863600286803
3.8182695668397857
10.195840972048646
3.5547705950175583
-5.612046695428635
-4.1121694322988045
9.972292877030643
3.429319458549983
10.088427892110012
2.356669115571924
-5.637167433283429
-5.523264592189479
-5.617686067647751
-4.607284209215228
10.199249642821448
3.362300081746472
-5.161037638945889
-5.566504639529655
-6.811970598920356
-5.369431173512677
-6.564313065225487
-5.303128758106872
10.159460767999962
3.851519155916285
-5.2504645609347556
-4.902750013939495
-6.885749713661565
-5.037274989102385
-6.1481110433579
-5.107667397204118
-6.3429703122362735
-4.658986116795492
9.706395828145782
4.115390343419224
-6.480509650285494
-4.539328336110665
9.601142003134786
2.907409265676663
-6.525910114308716
-4.298796191254204
-6.649102416398707
-5.249100754320169
10.158864548286498
3.050420413838223
9.792106798655889
2.6269444529074257
9.950090833894963
2.0875490867875266
-5.796545579533547
-4.332539338343111
-6.6790367765286875
-4.882417496445001
10.154259818124062
3.5954886773433277
-5.538631168728908
-4.768933614421322
10.057137479619234
3.0860980341703916
-6.095662190560601
-4.39051459150355
10.323330447380371
2.114846794556262
-6.014527158274092
-4.082243086589249
-6.323258114227675
-3.3435223416027164
10.817162727328585
3.5250150865764684
9.713194571906602
2.8896619346193906
9.810509033117693
3.4506480240293946
-6.023805817872489
-5.5736094937148435
9.21989266921924
2.1362880947521785
10.342718129808983
3.661477010699695
9.657737632060742
3.105684531583689
10.926454292070247
3.8277968668540563
9.947245847880609
3.2959277255184896
10.681454667175794
3.039577489988322
-5.770893012549554
-4.38694787274347
-5.643664899986137
-4.695502709882733
9.766894889854798
2.541340569963134
9.98195495211602
2.7601447761011584
10.2111045694548
2.9419377195795566
10.022184618550758
3.271592875679601
-5.425965228236349
-4.702514125562451
10.465816065129456
2.365539196308941
-6.448238890637042
-4.582274452820482
10.46800509621488
3.6862578321262105
10.077433997073603
2.774276190971006
10.03904325602631
2.5651220649484014
9.942185084128068
3.19738507530471
-5.646160275493997
-5.242630779355666
-6.087922864711058
-4.48758570229631
9.291021975158351
3.066046174176777
10.258101021362371
2.4687545556866595
-5.946297062483247
-5.160888397858073
-6.48514673388591
-4.567659623624861
-5.38686081437122
-5.489651828882103
9.228280834904782
2.8745092489111728
10.50788184745321
3.8746602226845193
-5.881160049142475
-4.266417714135612
-6.19052874687938
-5.040906884199885
9.923054028154176
3.2157767600673153
-5.669992125937394
-4.630070448114031
10.218814525714295
3.382934472996686
9.201026613324814
3.806330369503528
9.598133970164113
2.0742534262311647
9.684489603131698
2.1335736544715425
8.684577791290854
2.9307037187014098
-5.374415794995998
-5.303900155842468
-5.9129349464587335
-5.312608867603409
9.838553084535818
3.175025453363434
-6.489131648790071
-5.400681881703327
10.001323468601576
3.0425292347798996
-5.284241033844252
-5.075770203832618
-5.414581759789993
-5.927601442761144
-6.010927821451388
-5.014329939586993
9.782035572114909
2.4432540027720586
-5.2883961069406915
-5.357768496360699
-6.084132373769398
-5.00913789040492
-6.20193860087314
-4.1112353344102335
-5.444096094381847
-3.9722937858124663
9.463919045699496
3.6146677426841483
-5.532027990016251
-5.567517720705288
9.82066432408611
3.106770273802331
9.941078669744693
2.9274008972421286
9.381173974288675
3.550882664491892
-6.5931436414814515
-4.683233113022622
9.84241536867891
3.475087966927215
10.729528815582334
3.515027512160697
-5.742325261728824
-5.082036779128394
-5.987986890799692
-4.781057028874894
9.983066526287613
2.5864897553827495
-6.409780295984895
-4.680801490631763
9.891204279192777
3.2441387703564812
11.061936504053103
3.0354772939531007
-5.970232026099099
-5.359992509508055
10.226148441967963
2.474826629400659
10.498867679018014
2.8825958090827055
-5.740081667144374
-4.886448771160215
-6.056636799604363
-4.604608154447031
10.048504703904847
3.3968041065194376
-5.466157347401266
-4.684344223302466
-5.8159324359429325
-5.078399897374905
9.403224594533892
3.5517931200521606
9.879068128554033
2.6951727471969735
9.406680185520441
3.158661216774893
10.348944554198397
3.479641998766149
9.979247670588158
2.4180417915971235
8.752916784930838
3.552574983580845
10.867363717746418
3.4061710846616795
-5.619775762145027
-4.984922258967832
-6.038856997661405
-4.460110767564596
-5.529536281150729
-4.438765354885166
-6.404506071236104
-5.7315620237588
-5.556771888312107
-5.3679361052223795
10.117798225872749
3.9096491623256977
10.101245465638437
3.526413583906382
-5.0981739316158645
-5.695754179120341
10.531090638173838
3.521205142622659
10.072222192749123
2.629013804173639
9.411991842467087
2.928277188529486
-6.17416189727262
-5.003971526489748
-5.85768655964792
-5.38367004145432
10.4239724252189
2.189730887730391
10.736372210756578
2.9320065836748945
10.617344694808416
2.200762000600848
10.078277438236281
3.0131467659410247
-6.9622578116717015
-4.219345051201231
-6.421404970573345
-4.931794718260283
9.973168412619776
3.249798328616943
-6.50543443473778
-4.681713892019827
-5.932584641089269
-4.9948712773098585
-5.06901415811378
-5.353756717263525
9.475413483510325
2.7381315174965257
-5.655315544061876
-4.120150286645776
10.053488412882936
2.349150673150308
9.41718168385735
3.2331680215067817
10.412722861656189
2.4538111031442296
-5.88886751237635
-5.442688647465349
10.030211451717282
1.8416435008411112
8.529779972783661
2.3685832000510536
-6.263183065635159
-6.078233770803372
10.522739210266298
3.0736245258159283
-5.9597140000602
-5.110959791330824
9.761343446676246
2.9485132286114424
2.2818724882650945
-2.199550028249596
1.8108824340285743
-1.6195282991294382
