16.06207762971324
13.786276029526029
7.645450994215157
3.0260430340092195
4.376736841610272
3.3649624862732708
8.145920030737104
3.0344200271386943
4.176233837047238
6.010499548696917
3.0786429114785596
3.658910806834555
5.062154732418186
3.6762829081974813
3.4118935382487336
3.419007253439328
7.134587513728961
3.3041412734347517
3.2379295397427557
3.6217069609134827
3.6284403342900293
2.750939190647009
4.877766772842873
3.689440119445554
3.0006160134891355
2.714824034047296
9.484105067805146
4.2445789899926725
3.4169939141858903
14.03052716727717
3.777483025276859
2.883194069671173
12.010616508491507
2.890624033505712
3.7222105742628298
2.917086711572249
3.389294519114585
3.339753309613678
7.605981252407723
6.6756432963751084
3.700096737501816
2.9909160114586517
3.090793694994105
3.169622644549017
5.79299666586654
3.78775588522589
8.766049357056623
3.3801089414491
4.155009224738353
3.362395916807992
4.286532849257003
2.7187940654062213
8.596202880452882
12.304777691975442
6.7170151276311705
2.7901234172459524
5.232892783549224
2.868557757836962
8.62655051892552
3.2832534155825015
2.9124563957079075
4.210031899043509
2.8962352439402634
2.66582280262921
4.992088811262338
4.188715335490711
3.424605955954545
3.8802493805686913
7.151835456356714
8.10898769158805
3.5574498533973764
4.417014844862963
3.1282285320231256
3.1889206902473575
3.1596282526538606
3.0044086102819607
3.579413715762685
3.2048272346050712
3.4419484283990855
39.22516186299081
27.310927135734055
3.644749894594154
7.492808578031875
3.82807418327346
2.933216846169472
3.848906720136981
2.8790745488565155
4.721267503963523
6.771593070955905
8.270758454236395
3.0246502342176056
7.690205112925272
2.858324862461726
6.317331768561787
8.171078464237171
8.682110478443457
10.275058778814556
15.334610635279752
4.526183352071638
3.3008616637864834
5.411036944430274
4.461391177041913
3.0748475651804927
2.713033073882151
3.8359135822424166
2.503802168594715
2.462281786571824
3.4695723699862877
5.121638054366602
3.015881315231391
4.494115726225667
5.189466784476536
3.5755215578440924
3.5401977110891956
4.134806647830929
3.6743829186852692
2.868038313367633
3.194405508198583
3.3719215992985347
9.80500489857312
4.699231342595312
2.4387201862542396
2.8337659674610847
4.154901040344396
5.546169217096487
3.397730805587157
7.5098111537585215
3.610091630648776
5.781036585182105
5.481101675619921
4.116336828943141
3.077139805325379
2.8726199439065296
3.238750278916825
3.9004209748604466
2.8900815563486115
2.914506420253263
2.787552868664839
2.7741187241124066
6.699546964479699
6.19044918675132
3.1533677041324513
19.928214466089468
3.094362205974642
5.671412600192205
2.6935390436758815
3.74635612335758
4.764763297955055
4.710950667348278
4.105577854230884
2.6719608184804424
2.750826038512962
3.1511904336511805
4.738513306124435
9.139259744340627
2.392972726642753
5.988677180094698
3.3186279046440395
11.976359397546895
13.113720232665882
2.865776263806392
14.283353550348622
4.126043593438333
3.4517264870236466
2.489230941118646
8.492128489200859
3.253129823818628
7.3211486703636846
4.9113541612573215
7.011163765460307
5.394830139837989
3.207039729073839
5.780248827561328
4.807491767271256
28.844494398401185
26.299395498438088
3.1472879507340803
4.626885224687719
2.511075678436525
6.172810446497947
4.287664380343932
7.044880000012519
4.929746747929425
3.8463983804675808
5.199891979144606
2.6375601710241865
4.155205253747534
4.691861522359656
4.187212693467207
7.065186702186702
2.936345399107197
4.051450382061179
3.7197328895883883
3.9870424625715044
21.492565284040094
19.79850883994975
8.882153782245267
5.25799860444161
3.683341959353386
3.3433602689328485
2.955542203659523
2.8872818971965972
13.848831204614099
2.9770596450068068
3.178207589347979
3.0718994142863405
2.935988613965395
4.622395944090552
6.381143139956927
5.254461688551709
7.109756072490439
8.485116781150216
3.55501961326377
11.27153105921856
2.654824688870461
2.652638813087257
3.273338343515117
3.7666376071160155
3.562867015389096
3.4149774665542254
2.3759581223632464
3.4783448271771937
3.8454195533575457
3.861162906469907
3.4841666286312147
2.854400642589459
10.695759552271982
3.984227174325656
4.169824371298636
3.982975678695858
3.136951163523717
5.206689655666159
18.755702718175545
3.4944381125452715
7.57037386877828
7.556914171936605
6.0370906626243075
3.158401105867655
3.7761045791468417
12.758152541902541
20.742253033550742
15.950964182642753
5.266554534510566
5.490858075160174
2.9877792790373734
3.1485284635091544
6.419643641148643
3.673108899418381
2.624486360605033
7.29439448896514
3.0044861688579
7.338652056277056
3.2723061497508854
3.60671028578677
3.014904595838832
3.284372576519179
2.9840889802760677
2.8181838362445943
10.085757097069598
2.5561508068467638
5.415022701580885
6.872607994935861
3.3936818922850547
3.3367536798594983
5.0858753789103055
5.22984578985622
6.840494612020833
5.333968350238575
3.4362527413990422
4.5766891094031825
12.552572776857085
5.446203563163703
2.916021164081245
4.665898011412582
2.854375106289225
4.573291667489161
4.014522790455495
3.508300350912366
2.916926766052586
3.1931496153420547
3.9150442170204784
3.1250614722700822
8.109036533072869
3.173609087674407
5.0672768581943775
4.538670018260595
2.703369556715834
2.4527265042114097
4.681384237610515
3.6856804784053234
3.9109235018639175
4.204560769600495
2.6559665707983333
6.069648443539268
3.492237755371856
4.831249353708241
2.247796865122841
4.52990462143262
7.79731362491795
12.718289072039072
2.619690131460648
2.684256593356413
5.40341803993644
7.055490431975146
3.6795666996187504
3.4227738475292826
3.559126135709781
3.147719859453412
2.7710339461993634
5.886085489069077
3.7253861296383355
3.628639114121534
5.983966854791549
3.7522799678487924
5.3191344598877155
3.688065096417793
3.795072302079678
6.470188551262493
6.6745959058961635
2.6516175476145363
3.691761701546331
2.6848946816165427
3.0076705891692486
7.602381800933681
2.656188661828368
2.7968354223940697
3.0912631605168963
2.879913013489579
2.5579016722671106
2.2623052926491187
5.950872719795207
8.113262604476736
2.4118786638198877
3.855982428447337
2.7309288088111803
6.576653419032559
4.44761678327711
4.452446009464392
2.5383560183648917
4.19218155879662
2.8847510728804884
5.654880529756135
5.734148533531686
3.0423736389047193
5.058373754004391
13.916491967933498
3.820468627544258
4.168291762715357
3.5212193887983356
3.0959598373166286
5.107447724871353
4.313397665457882
3.1517116047741194
5.505091554148046
3.831355460960463
3.7649128076964953
2.7184038541687494
3.097797626157486
3.6322134276476032
3.5450144202591685
10.723715933085874
4.527859033866103
3.8112140103290693
3.6442853164071654
4.680096539740457
5.613696646307282
2.9203387759903445
13.43365836940837
3.718417772209877
7.835076257162438
3.4829318200744446
3.7294090913517124
4.287525265756099
3.320680715809922
3.8872851689051107
2.880031699583767
2.9971826731548323
14.113278590561485
3.721482302024137
8.437533675455844
5.584498205913453
3.1852332644431636
6.275549025283068
4.552467348966369
5.7965542016294975
3.7749855851547385
2.848531910084448
3.4577962196121628
6.2227666894509
6.616899217841833
2.6838945716949665
4.587869645798672
5.520095709845709
8.555677820917618
7.134006261340653
5.693405570867295
3.2841477721160675
3.316949590304554
17.187647907647907
3.3516093391762753
3.459785723258899
4.8112298303691485
4.956650325832265
5.834966624645196
3.532846242018958
7.604311446490019
4.198001166247758
3.5589360406169868
2.5441269230668353
3.201466972561231
3.9683167333757634
5.857849199411699
4.2974304076046215
2.837547861830885
3.8533753964289685
2.879356010006631
3.133992402933866
3.0356725848876636
4.457655128181195
5.502235331320414
2.9400742896016494
2.8053284102150373
4.347849359883609
4.135335213919063
6.478175324675325
2.871380420261788
8.051041734460957
4.262563171817328
3.318084316986651
2.8916830199640993
3.0391510464076497
4.528215407421096
2.8643894727124506
14.523442639543878
3.483384755642908
3.350427124459529
2.367889918672792
4.495168339971115
3.854317319937232
6.514808842702474
4.067718637059297
3.944072386588279
3.3344277397710256
5.303045299879859
3.5165906558711697
3.685201630912794
10.100857886265782
3.7737803555910205
6.87913019144598
6.688682598525286
2.6666388543565223
6.143078876081965
3.852343154161562
3.5464586874741695
3.6830172106297026
6.641909123148094
2.8043891955363485
2.8898571245892812
5.5218091488058345
2.823599722684358
11.756908166824573
4.921197442023099
3.1772144993762517
6.635837346662441
3.6368256454160353
5.283786623671342
3.225154883445531
3.981816849576633
3.1700577600817548
5.2664340456360925
6.333576330955777
3.1494526154670295
2.6589105142434746
3.5203450634972806
4.007077939780752
16.867120137798707
9.335385968198468
3.0211135227817705
4.316299144429469
3.9847527134274703
5.412023404132099
5.1746601140740545
6.051790253826015
3.4895113508633155
11.86264154752058
5.483602497885543
4.07745841938706
2.804152226900212
5.677836829091355
6.549641573865411
3.095543652101561
3.143421087747173
3.9919798020824793
2.7883477705265927
11.314858194921452
5.437826948732405
2.8803001450232086
7.579502289377289
6.977822209452825
3.205234332182978
15.296753143905553
3.6528566233127155
3.2291774523700907
7.867220445404269
8.037094664103517
3.074650670195015
4.6264741426943665
3.7428875431206516
3.9373613011259687
6.458146797646798
4.070902567263268
3.531468552949946
3.9037822338190717
8.778341491414395
2.70454173899528
3.568679237929823
4.107694246997037
3.1336221508350968
4.456879609596554
11.501631258576303
2.388815219200415
3.68583430655969
2.8763284669329527
3.488627464731205
4.2868511946934715
3.0943931147664263
4.026646639994427
3.540759942834943
4.502138713188313
4.801324489130985
17.258145083674496
4.19825714645542
2.8738707791530214
10.29065727670053
13.546008713508714
3.382902817344322
2.88035401436881
3.5546462880242182
3.171078281739735
3.05058763917688
4.180360604253765
3.207532273213366
3.7906628570897074
3.163582440685884
4.454376473004076
4.529466625505931
3.4218132671362116
2.4922487294300764
3.1815761658801516
9.357147846616042
3.158192954459974
3.0546102382665072
22.024489981565747
2.8755967638162168
2.951725242762237
2.8225307265375825
7.3642637984650365
4.216417953385083
2.7082886018430026
3.5959261490838434
3.2799583792716596
5.778467807192808
3.3558138295479636
5.233028048842917
2.7782035665261535
5.733946554615589
5.597230485792712
6.79386914220589
2.8152725457050685
2.780605248526247
5.751390570341109
5.2084555539966
14.6526483247145
13.592042955947559
5.1100381283265435
3.3464020590721817
3.0713908845379194
2.956584307035716
10.400490071763985
2.80894950772367
3.984433180626563
2.8833940768147546
6.983534887817635
6.312456637660586
2.9119115622309426
5.590634209212214
4.7620834726220895
10.61992902930403
4.581611356114646
3.1179219062537475
3.4193368160923683
2.7733506866358373
3.248680006792352
10.264701289207869
4.539212552243592
3.372847944714016
5.249613677988679
9.66234266537556
3.3089797713051157
2.682098439851363
3.5006271429345435
8.436884898707268
4.171973825810873
6.277452941869191
4.16023923848039
2.813227453596141
3.2457185519575726
5.252338592954663
40.09679365079365
20.36520828321492
3.63124971776461
2.606330032951882
7.709854284969416
4.340653713729548
3.076013623734571
3.0015914176827336
5.15775338894195
2.872081160566487
3.278323471764785
18.34872349142086
5.809061502526062
7.464236854965459
5.830056515397228
3.2432433961584968
3.3752010143111404
3.075299309723996
9.61477769835084
4.069735490420013
3.2717506131023093
2.8548642626276717
5.003554551502197
7.810124311799313
3.353498891545331
3.458768688364359
2.8870577543106726
5.689134484554945
7.250286386131076
18.75538741461497
3.0889081070674047
2.7460113234211065
4.597365103301984
2.9541153107083833
7.760804638830955
3.0959231590251535
18.6980875
16.195121388845074
2.8082663055821957
4.44927480812067
10.52620487031311
2.7223624479292026
8.063348708094452
6.164319218138184
4.978827996436935
7.238774799890613
16.76731304112554
16.68292910634687
4.31660357397055
3.5603574220451253
3.1809153833661066
4.355110199069572
7.840747347263198
4.66069069931372
3.720764793957339
5.078359552335076
5.728953228539142
4.5880671510994375
3.1757943512077484
3.3119821874546913
3.576015435621544
3.2336017933260255
3.066837120588226
17.78544021690851
3.350039267238609
2.835046470857684
9.503944133823165
3.4128834085348556
5.892593122155622
2.935915999278499
3.5137910479124126
2.700216984672167
5.246791779431799
3.6621745946744566
3.0729965091232962
13.223952250781736
5.203910519389552
9.002342272235849
3.348964057163316
2.530163940121152
2.957384681441491
3.237313360278376
4.455681784689196
2.7979377896603217
4.486319485492854
2.9747353678657817
2.390946383065055
3.0838646518771045
4.8472433241883435
2.722994118149221
3.1835427051625835
5.17256971241812
3.374950817822905
2.545482187197235
2.5007624577232828
3.6210797843460885
3.9060421519872954
4.203195179658659
3.7981732910622235
12.078969246031747
3.1032945347075067
4.5544133794991515
7.879963944766963
4.868282065028815
9.451533875846376
2.7974980199015693
6.734991693089519
3.6847423505384076
2.856607167283218
2.800891949269172
14.960246883497115
19.822399452653723
6.983353791383247
14.524221518819346
5.755552772901283
5.631259042155661
4.378775325195709
3.0541900393198507
3.4355042515136596
2.36785173861446
2.9822505858726247
3.1319481301292442
3.183556594605775
4.84042643005143
5.653280328012906
11.400917607658482
3.4462765550741814
3.649244461753357
3.24638313022844
5.514185701708559
3.7001372802931796
3.1627458128473904
5.451076753143419
2.889132733851375
2.867031844472612
5.536126358362065
12.34533855033855
3.2183740504396714
3.438598777639209
2.7427556650330973
5.067646086931407
20.238565076314302
16.4839137526962
4.030181623233827
3.6078090973776926
6.297679168317853
3.4344728618290645
2.8654525866915366
4.172512020049409
4.174824532946744
3.1836939350810294
2.5930294466822024
4.489899392338893
5.211642944244747
3.8437094052991707
3.3411196071925375
11.845341861784586
15.181761937216088
3.614344207533983
2.753132691193232
19.8667003968254
3.445606835705602
22.176849705849705
4.5752268921939665
2.7977956068096512
3.4727196026354
12.721545899594592
2.9706794778391723
4.333066620790406
3.201502298225124
2.736612566044175
2.707457112253785
3.125098988083288
3.1837454665075247
2.5238052013679177
3.660596699780355
2.6754589371809914
2.6285653186560256
5.371374376524147
3.3052705465085115
3.5589729880331764
3.7154753340183935
9.718254753758785
3.5156891575148213
3.1795454036822584
6.2688285455085
4.183552605350318
5.805594696440771
4.1799585414142
2.9364860597960503
4.842248603744332
4.710916301559484
3.0616193681105766
3.506099726866105
3.29565085039706
3.031689767865706
3.059314476185895
5.314463660382733
3.3718407019619248
3.807589956467457
3.590673384810087
3.406412605811316
12.524498297434272
3.9738752252397633
21.501545157223728
17.97118256148613
2.711508233411247
4.1458411342284025
9.184663649946545
7.93011991403443
3.130418797832831
3.1679981953886944
2.9859759580634533
9.532019615693844
4.552089582323482
3.5771295655451967
2.6627909049368337
3.163606333664294
4.097024157702166
16.60726832889333
14.860079294888118
5.600474200402772
5.056336575603519
2.9118723047938966
4.0694303565890975
4.704862802980806
11.397920634920633
9.234271141869826
5.570640567175604
7.607977465585443
7.586368547089441
3.2588545661713066
4.544131149738348
12.551873020921908
3.24435562161686
2.876331372537825
6.8117134302629685
5.6262607109506915
2.837888464314209
7.8419138687250145
3.32690464159598
7.454193288232915
3.0713014066140523
4.575635193156518
3.7271944703615536
3.807104182943084
3.016136516876403
11.16696436285885
5.3113028377431135
2.9952362018101906
6.534124031306635
8.694628774003775
5.358776549655936
3.1903520255435787
2.8264665521261283
12.354877247752247
3.84460280006308
2.880654879886216
4.529370039534809
3.4725070345622613
3.1050909116568186
3.4511903889021136
5.931533645501037
4.959831492795527
3.5512535627421675
3.056727326392037
4.222114613021543
2.4182652118332606
4.511277603011646
6.071613851886736
7.476800759928477
18.960284054834055
6.98134479145624
2.786567048412802
3.356895278563018
3.706515282905938
5.509651160449646
4.37862017828233
3.131999399112699
8.524351405006616
3.3408992438938983
3.9559425804848662
3.3362183307433657
2.8749508148665086
3.8687373696924907
3.50212753248342
3.4463924541349775
2.6954541158489267
6.614289824329758
4.3142607412582255
2.8428632420921733
4.159064240102863
2.8557263721009165
3.5370512769290654
2.935517524171894
3.1817367465686406
3.0888647074648237
5.365874165784828
4.304519560921625
3.3648777859349996
2.7572008695771966
6.006165452363729
4.828391659647542
6.393768324067237
4.40955318757915
2.9938883619225374
2.638653425958083
3.0204461253335153
3.1855147576281992
6.492095905320171
6.167151107165967
4.989587603426409
14.402735935491137
5.214302480387075
2.8070345030883708
2.779202224012244
3.052499673966351
2.863118531229382
6.746292033287404
7.877449713122976
2.9685691318349985
3.6443125684242945
5.16749079329667
2.5306887204817117
6.764375981453187
8.497938672438671
5.043733124742966
3.740488154889862
2.4264659343867128
2.89395950243148
4.194320495945627
3.7775454041558705
3.5674421489257786
6.114119455528705
3.008079057880772
3.311422743269467
3.156329934795657
2.9238098725779946
2.8646019241479768
14.403024154337233
2.7804559470181776
4.047230065153658
4.735537221705023
3.403972048036114
2.88994935496026
3.427532155012608
3.9317211578877744
2.8473679751014918
3.9172332236448337
3.0813256846142725
3.824352231102231
3.897871195035555
3.6753985231784987
9.36947685673337
8.081442648070825
3.8801516149799262
3.2343754032779923
4.56638111719706
4.893695087195412
3.1498152947707108
8.490462093462094
3.0597553242881883
9.406984338416185
4.306594736096081
3.198867986433931
3.5229482309056612
2.619262181946044
3.113398155124538
5.433463168775669
5.732396837745943
5.420363760607343
2.861536746319355
8.007623119497458
3.628304203930907
2.5271774087144347
2.8192930289302676
2.8638879318187893
10.071539809811979
3.775759116128681
6.836142199389878
4.138370504656842
3.65108729569495
3.9699331390465913
3.2022557080695204
12.179710715454137
12.104768304273694
11.147778473904033
3.9841636098833497
2.663661840235441
2.819568402607166
28.17413390556812
19.495916666666666
