-0.6296155583905273
-0.9939273075047427
-0.4444268738297207
0.5136775780648088
0.9995092336320759
0.5663967092710067
-0.3874583375215733
-0.9850859756524908
-0.6770301107252404
0.253484115718472
0.950946215172514
0.7741127499101069
-0.11443640761579935
-0.8977732597302724
-0.8557015171422456
-0.026901745963369188
0.826631366390471
0.9201634126907743
0.16770146091417298
-0.7389444406320075
-0.9662082312780057
-0.30514462998455905
0.6364675368701306
0.9929143855468526
0.4364803272110926
-0.5212517310303857
-0.9997473516380461
-0.5590798677208187
0.39560306825002034
0.9865703676888128
0.6704894208768677
-0.2620364073688824
-0.9536471711224883
-0.7684791237153354
0.12322508601264212
0.9016367199421962
0.8510877116676673
0.018052586277961982
-0.8315800036819345
-0.9166617732843326
-0.15896893593147116
0.7448792079939758
0.9638888432762286
0.2967035212514648
-0.6432696498935025
-0.9918236715163655
-0.4284995835762908
0.5287850453767504
0.9999071422275851
0.5517192238224219
-0.40371680458151543
-0.9879774646886418
-0.663896200052548
0.2705681691976668
0.9562734114765887
0.7627852893247198
-0.13200411006770435
-0.9054295394320245
-0.8464072258447968
-0.009202012222773516
0.8364634889996142
0.9130883159847752
0.15022395617604709
-0.75075561614767
-0.9614939372721313
-0.28823916662506804
0.6500213645340609
0.9906552508676835
0.4204852681943187
-0.5362769308897364
-0.9999885928815457
-0.5443153542617348
0.4117989108274484
0.9893071564098525
0.6572509648127429
-0.2790787327650834
-0.9588247304762088
-0.7570316928343029
0.14077279196893847
0.9091514210429297
0.8416604263766433
3.507172155943281E-4
-0.8412814397360567
-0.9094433207625141
-0.14146720679267244
0.7565732046929023
0.9590237008999188
0.2797522292639442
-0.6567221518137958
-0.9894092151433049
-0.4124380089644323
0.5437268006010105
0.9999916972184967
0.5368688391112861
-0.4198487537773382
-0.9905593386748075
-0.6505542357930979
0.28756743129221496
0.961300928232621
0.7512187850223215
-0.14953044471457572
-0.9128020731758688
-0.8368476851617049
0.008500605269300455
0.8460334784182607
0.9057270731927581
0.0
0.0
0.0
0.0
0.0
0.0
0.0
0.0
0.0
0.0
0.0
0.0
0.0
0.0
0.0
0.0
0.0
0.0
0.0
0.0
0.0
-0.9019398644331387
-0.12392114427799432
0.7680301044347011
0.9538580170824287
0.26271326776619414
-0.6699688483699713
-0.9866846950344292
-0.39624718341383736
0.5584981612499251
0.9997628721067388
0.5218502089913248
-0.4358491296351719
-0.9928307884963351
-0.6370083990877344
0.3044765747273849
0.9660271899038124
0.7394168617453135
-0.16700991910625979
-0.9198885505372407
-0.8270258908876842
0.026200558818704242
0.8553383355772436
0.8980819912008986
0.11513320583174812
-0.7736685180151293
-0.9511629743540696
-0.2541625785846748
0.6765137198046854
0.985206424108483
0.38810488559915013
-0.5658184948926602
-0.9995309605858392
-0.514279270689591
0.4437984089582968
0.9938498780911499
0.6301603526805389
-0.3128956948511993
-0.9682768835291724
-0.7334287709280568
0.17573037128424301
0.9233238205599384
0.8220176073387874
-0.03504780314122268
-0.8598904250444179
-0.8941537557496448
-0.10633624701996307
0.7792463168251444
0.9483934106597242
0.2455919764740525
-0.6830055882764352
-0.9836509650072188
-0.37993218084920716
0.5730944982345434
0.9992207386021439
0.5066680400414646
-0.45171291791395535
-0.9947911023201361
-0.6232629349674008
0.321290300470074
0.9704507153614977
0.7273832180123319
-0.18443705547779635
-0.9266867507366986
-0.8169449210031882
0.043892301566122935
0.8643751444952602
0.8901554658456681
0.09753095705982497
-0.7847630638597682
-0.9455495429869829
-0.23700213291709687
0.6894439451654333
0.9820184395965187
0.37172970947262973
-0.5803256012210076
-0.9988322304606796
-0.49901711336563703
0.4595920364224465
0.9956543874410009
0.6163166863417593
-0.3296597338900737
-0.9725485150871276
-0.7212806766503469
0.19312928954249853
0.9299770775913221
0.8118082293117118
-0.05273336115162315
-0.8687921425645105
-0.8860874347438301
-0.08871802582124182
0.7902183268972579
0.9426315941449456
0.2283937209040911
-0.695828286044376
-0.9803089757801948
-0.3634981141101712
0.5875112373153035
0.9983654665999758
0.49132709009087283
-0.4674351471768122
-0.9964396658177627
-0.6093221510228193
0.33800333938943444
0.974570118349305
0.7151216249591961
-0.20180639246605558
-0.9331945433358774
-0.8066079347098247
0.06157028922536495
0.8731410731926906
0.8819499811630209
0.07989814377279449
-0.7956116785329709
-0.939639792746765
-0.21976741488010523
0.7021581107179631
0.9785227074899692
0.35523803968436807
-0.5946508435428857
-0.997820483589679
-0.48359857270904605
0.4752416356912014
0.9971468759260511
0.6022798770129131
-0.3463204632699381
-0.9765153667610529
-0.7089065454834
0.2104676844216563
0.9363388958908978
0.8013444446261038
-0.07040239343868236
-0.877421595653216
-0.8777434292611879
-0.07107200192764038
0.8009426962128499
0.9365743731917359
0.2111238906921551
-0.7084329232620868
-0.97665977467498
-0.346950133349012
0.6017438605355205
0.997197324127688
0.4758321667279366
-0.4830108903490135
-0.997775962357927
-0.5951904160545667
0.35461045390812723
0.9783841079175843
0.7026359251571002
-0.21911248682123471
-0.9394098889051311
-0.796018171440316
0.07922898182084542
0.8816333745790913
0.8734681086099394
0.062240291789374555
-0.8062109622665296
-0.9334355756469299
-0.20246382553625167
0.7146522320626868
0.9747203232908168
0.33863504443844705
-0.608789732575111
-0.9964960370368083
-0.4680284806237904
0.49074230245081657
0.9983268758262228
0.5880543235872717
-0.3628726618063586
-0.9801761954082421
-0.6963102552659084
0.22774012236863547
0.9424072817748406
0.7906295324511086
-0.08804936283327419
-0.8857760799891856
-0.8691243541687234
-0.05340370529785227
0.811416063940059
0.9302236460283798
0.1937878979043446
-0.7208155498542658
-0.9727045052880863
-0.33029342441669646
0.6157879076372358
0.9957166772609276
0.46018812579364704
-0.4984352662620375
-0.9987995731684052
-0.5808721587039686
0.37110643964368867
0.9818914888279698
0.6899300314084169
-0.2363499151126783
-0.9453308396626553
-0.7851789498433164
0.0968628454237188
0.8898493873140852
0.8647125062585844
0.04456293477497748
-0.8165575934282407
-0.9269388359818123
-0.18509678753116435
0.7269223937580659
0.9706124786005059
0.3219259268264217
-0.6227378374343986
-0.9948593058607104
-0.45231171650743873
0.5060891790604194
0.9991940173499556
0.5736444841072427
-0.37931114232659036
-0.9835298537883125
-0.6834957534573687
0.24494119050011678
0.9481803335159694
0.7796668506548833
-0.10566873908040149
-0.8938529774215228
-0.8602329105355006
-0.03571867287046132
0.8216351479065804
0.9235814028629322
0.1763911753409667
-0.7329722853199009
-0.9684444071325317
-0.31353320723771977
0.629638977458985
0.9939239900088144
0.44439986985986346
-0.5137034411832435
-0.9995101774672729
-0.5663718660652387
0.3874861270394936
0.9850911619279453
0.6770079255204942
-0.2535132754284877
-0.9509555400848876
-0.7740936667434062
0.11446635388611633
0.8977865366413804
0.8556859179633016
0.026871612507554935
-0.8266483295628475
-0.9201516097172597
-0.16767174339418447
0.7389647505476419
0.9662004607465157
0.3051159231967609
-0.6364907870259233
-0.9929108029846277
-0.4364532057220378
0.5212774560743106
0.9997480287500936
0.5590548743672951
-0.3956307532951483
-0.9865752909227306
-0.6704670559010159
0.26206549829884696
0.953656241939716
0.7684598347522992
-0.12325500057228224
-0.9016497567902652
-0.851071884786173
-0.018022446828760877
0.8315967456282422
0.9166497252595209
0.15893917483398978
-0.7448993199483528
-0.9638808152493982
-0.2966747341742716
0.6432927293150456
0.9918198241685279
0.42847234669293144
-0.5288106303306801
-0.9999075525634332
-0.5516940822793021
0.40374438298480503
0.987982124495301
0.6638736570578242
-0.270597189068387
-0.9562822274879971
-0.7627657960765846
0.13203399057294532
0.9054423351956538
0.8463911725007442
0.009171869141527334
-0.8364800084081682
-0.9130760238525957
-0.1501941538327718
0.7507755285650742
0.9614856523789338
0.28821030151386684
-0.6500442714131457
-0.9906511390356618
-0.42045791805058863
0.5363023737491611
0.999988736409046
0.5442900664987886
-0.41182638042820874
-0.9893115524241703
-0.6572282455653278
0.27910767930293323
0.9588332909910879
0.7570119968283103
-0.140802636078726
-0.9091639747196067
-0.8416441478277672
-3.205728639294109E-4
0.8412977353126077
0.909430785486021
0.14143736553853367
-0.7565929160132515
-0.9590151597894528
-0.27972328838023613
0.6567448843557324
0.9894048391492501
0.412410547703139
-0.5437520993725533
-0.9999915739264037
-0.5368434071097392
0.4198761124234026
0.9905634705523686
0.6505313420729811
-0.28759630222931404
-0.9613092325802787
-0.7511988878015987
0.14956025009070711
0.9128143837820482
0.8368311826833842
-0.008530748529658237
-0.8460495488860954
-0.9057142957540553
-0.13266949602121322
0.7623510265168043
0.9564695310371586
0.27121435970718577
-0.6633940431684715
-0.9880810221534124
-0.40433086613960295
0.5511592235356333
0.9999160648931952
0.5293546875371463
-0.4278929482963377
-0.9917377807956022
-0.6437834712644934
0.2960623927876001
0.9637098582724518
0.7453269244373276
-0.15830614647425814
-0.9163932763836099
-0.8319526541499896
0.01738140156289318
0.8507350768372922
0.9019268458333028
0.12389123221893114
-0.7680494089438356
-0.9538489655649635
-0.26268418214554357
0.6699912269083163
0.9866797917655181
0.3962195063804945
-0.5585231659108836
-0.9997622152253424
-0.5218244945013002
0.43587625995028456
0.9928343911499391
0.6369851618167207
-0.30450528768321045
-0.9660349799852804
-0.739396566787448
0.1670396400127922
0.9199003721280392
0.8270089444466866
-0.02623069281179717
-0.8553539520681522
-0.8980687324599007
-0.11510326188417132
0.7736876168419764
0.9511536686868626
0.2541334240109285
-0.676535918704322
-0.9852012577680594
-0.38807710392822603
0.565843349553959
0.9995300369765376
0.5142534179718216
-0.4438254219150428
-0.9938532156990169
-0.630136946358246
0.3129243254388796
0.9682844155519637
0.7334082794789404
-0.1757600464614506
-0.9233353962441666
-0.8220004408993408
0.03507792895908395
0.8599058127026845
0.8941402579062703
0.10630627352989744
-0.7792652084733648
-0.9483838515718486
-0.24556275523138996
0.6830276057981414
0.9836455360000511
0.3799042967173183
-0.573119200948889
-0.9992195483372993
-0.5066420511214387
0.45173981139594477
0.9947941746207737
0.6232393614276489
-0.32131884644648234
-0.9704579887354993
-0.7273625316774124
0.18446668260071172
0.926698079607434
0.8169275359102353
-0.04392241684847875
-0.8643903021153047
-0.8901417299574353
-0.09750095637560983
0.7847817468492535
0.9455397312273666
0.23697284729492094
-0.6894657795841979
-0.9820127483479544
-0.37170172506442
0.0
0.0
0.0
0.0
0.0
0.0
0.0
0.0
0.0
0.0
0.0
0.0
0.0
0.0
0.0
0.0
0.0
0.0
0.0
0.0
0.0
0.36347003161814095
-0.587535630341633
-0.9983637433246915
-0.4913008348853238
0.46746179539772625
0.9964422068026279
0.6092982486018689
-0.3380317094406103
-0.9745768727364904
-0.7151005537299623
0.20183591652072602
0.9332053759362775
0.8065901164131039
-0.061600376359375014
-0.873155767191735
-0.8819357724321429
-0.07986809575363656
0.7956299398301685
0.9396294779695752
0.2197380073871072
-0.7021795738133265
-0.9785164931168031
-0.3552098613087022
0.5946750788524152
0.9978184940012578
0.483572187441093
-0.47526815814501217
-0.9971491509440005
-0.6022558129539902
0.34634874202093663
0.9765218608508732
0.7088852842758103
0.0
0.0
0.0
0.0
0.0
0.0
0.0
0.0
0.0
0.0
0.0
0.0
0.0
0.0
0.0
0.0
0.0
0.0
0.0
0.0
0.0
-0.7026144756369108
0.2191418985553321
0.9394202218404465
0.0
0.0
0.0
0.0
0.0
0.0
0.0
0.0
0.0
0.0
0.0
0.0
0.0
0.0
0.0
0.0
0.0
0.0
0.0
0.0
0.0
0.0
0.0
0.0
0.0
0.0
0.0
0.0
0.0
0.0
0.0
0.0
0.0
0.0
0.0
0.0
0.0
0.0
0.0
0.0
-0.9818971990547035
-0.6899082103191807
0.23637920530907386
0.9453406696947227
0.7851602820249064
-0.0968928479864511
-0.8898631404033277
-0.8646973653475132
-0.0445328203474055
0.8165749943064836
0.9269275250235177
0.1850671639792253
-0.7269430941466126
-0.9706052239838953
-0.32189738706570903
0.622761423014832
0.9948562527869843
0.4522848317614572
-0.5061151777671864
-0.9991952269264057
-0.5736197924743659
0.37933903379539846
0.9835353018052577
0.6834737491407965
-0.24497041648302806
-0.9481899109313138
-0.7796479740711616
0.10569871461916931
0.8938664925432329
0.8602175394995808
0.03568854773644922
-0.8216523302294034
-0.9235698450262029
-0.1763615035664724
0.7329927909395285
0.9684368938251735
0.3135045827035115
-0.6296623959553012
-0.9939206716097251
-0.444372865486188
0.513729303834885
0.9995111203942331
0.5663470223448188
-0.3875139162053121
-0.9850963473082652
-0.676985739700563
0.2535424349081405
0.9509648641331451
0.7740745828733004
-0.1144963000524198
-0.8977998127366861
-0.8556703180068113
-0.026841479027322934
0.8266652919840635
0.9201398059076198
0.16764202572183565
-0.7389850597917922
-0.9661926893370566
-0.3050872161317094
0.6365140366033484
0.9929072195201626
0.43642608383638576
-0.52130318064456
-0.9997487049536882
-0.5590298805057683
0.3956584379807737
0.9865802132601651
0.6704446903159227
-0.2620945889906773
-0.9536653118903733
-0.7684405450909774
0.12328491501992277
0.9016627928190212
0.851056057131325
0.0179923073631831
-0.8316134868188927
-0.9166376764017662
-0.1589094135920832
0.7449194312258532
0.9638727863467065
0.2966459468274953
-0.6433158081520399
-0.9918159759194413
-0.42844510942022695
0.5288362148040892
0.9999079619906833
0.5516689402348677
-0.4037719610212194
-0.9879867834041987
-0.6638511134598503
0.27062620869322035
0.956291042630449
0.7627463021353379
-0.13206387095820937
-0.9054551301365238
-0.8463751183875913
-0.009141726051946842
0.8364965270566278
0.9130637308907203
0.15016435135301773
-0.7507954403002624
-0.9614773666120517
-0.2881814361407742
0.650067177701547
0.9906470263034534
0.420430567524796
-0.5363278161212576
-0.9999888790278743
-0.5442647782412557
0.4118538496547498
0.9893159475395187
0.6572055257207011
-0.279136625587163
-0.9588418506346926
-0.7569923001344346
0.14083248006056873
0.9091765275701429
0.8416278685141042
2.9042851197319487E-4
-0.8413140301246863
-0.9094182493831443
-0.14140752415587332
0.7566126266460983
0.9590066178075469
0.2796943472423485
-0.6567676163008969
-0.9894004622561409
-0.4123830860670956
0.5437773976499982
0.9999914497256365
0.5368179746203723
-0.4199034706879331
-0.9905676015298225
-0.6505084477617382
0.2876251729050795
0.961317536054412
0.751178989898275
-0.14959005533093578
-0.9128266935587696
-0.83681467944465
0.00856089178226428
0.8460656185851401
0.9057015174923461
0.13263961807363567
-0.7623705345030366
-0.9564607335094694
-0.27118534507196057
0.6634165989894145
0.9880763814423198
0.40430329554485145
-0.5511843757363774
-0.9999156738825631
-0.5293291128085099
0.42792019345541393
0.991741647311511
0.6437604042803396
-0.2960911855929644
-0.9637179049265596
-0.7453068268835012
0.15833591063771532
0.9164053421220798
0.8319359282791671
-0.01741154135450929
-0.8507509201642868
-0.9019138264139023
-0.12386132004729022
0.7680687127550572
0.9538399131807527
0.2626550962861966
-0.6700136048378521
-0.9866748876000287
-0.3961918289871141
0.5585481700643219
0.99976155743548
0.5217987795371031
-0.43590338986932436
-0.9928379929013723
-0.63696192396689
0.3045340003623376
0.9660427691889297
0.7393762711577061
-0.1670693607675387
-0.9199121928829407
-0.8269919972542008
0.02626082678105474
0.8553695677818162
0.8980554729028438
0.11507331783200225
-0.7737067149657876
-0.9511443621553594
-0.2541042692062557
0.6765581169892024
0.9851960905324011
0.38804932190466324
-0.5658682037010859
-0.9995291124589811
-0.5142275647867594
0.44385243446849254
0.9938565524037871
0.6301135394633591
-0.3129529557422112
-0.9682919466948923
-0.733387787363389
0.1757897214789482
0.9233469710893766
0.8219832737129572
-0.03510805474507054
-0.8599211995795701
-0.8941267592504065
-0.10627629994323319
0.7792840994134806
0.9483742916221937
0.24553353376558895
-0.6830496226991928
-0.9836401060990623
-0.3798764122402172
0.5731439031424516
0.9992183571644818
0.5066160617410362
-0.4517667044674464
-0.9947972460174597
-0.6232157873215707
0.32134739213091407
0.970465261227663
0.7273418446815517
-0.18449630955600554
-0.9267094076360956
-0.8169101500749549
0.043952532090923056
0.8644054589498932
0.8901279932603468
0.09747095560279732
-0.7848004291256219
-0.9455299186085554
-0.23694356145741205
0.6894876133764574
0.9820070562070526
0.3716737403184516
-0.5803746983576615
-0.9988293158987928
-0.498964866739967
0.4596455798052064
0.995660000041669
0.6162692079611654
-0.3297166518477695
-0.9725625425141103
-0.7212389167949395
0.19318844286182002
0.9299992390855729
0.8117730238052808
-0.05279356587848191
-0.8688219945635715
-0.886059488224826
-0.08865797468486321
0.7902552719131646
0.9426114659631363
0.22833502528209554
-0.695871584622384
-0.9802970688012762
-0.363441948795832
0.5875600228340795
0.9983620191422119
0.49127457923333845
-0.4674884431938662
-0.9964447468820439
-0.6092743456272601
0.3380600791846228
0.9745836262380952
0.7150794818509295
-0.20186544039199178
-0.9332162076886908
-0.806572297383449
0.06163046343740993
0.8731704603973584
0.8819215628998659
0.07983804766190393
-0.7956482004043917
-0.939619162338561
-0.21970859969443718
0.702201036270632
0.9785102778544766
0.35518168261026356
-0.5946993136215744
-0.9978165035061367
-0.48354580173372647
0.47529468016695525
0.9971514250558583
0.6022317483478082
-0.34637702045721425
-0.9765283540533456
-0.7088640224240692
0.21052662232796693
0.9363600614049323
0.8013083782718687
-0.07046253242143188
-0.8774505157610851
-0.8777145414803736
-0.07101186555060056
0.800978792078398
0.9365532421734719
0.21106496055082033
-0.7084754724263196
-0.9766468233567406
-0.3468935889305617
0.6017920113766264
0.9971928117301958
0.4757791397692906
-0.48306367912758047
-0.9977799791968484
-0.5951419678906628
0.3546668240563934
0.9783965735958611
0.7025930254782682
-0.21917131009029917
-0.9394305539221277
-0.7959816788839196
0.07928908086257795
0.881661825324352
0.8734387535747429
0.062180119857702866
-0.8062466292981946
-0.9334139456741625
-0.20240478505626236
0.714694401504875
0.9747068513045304
0.33857831710574854
-0.6088375604061501
