5.78017943501663
4.424414228146442
5.393633610650427
5.651190616524136
4.489012278723866
5.272241160424399
5.084876467136357
5.320627478390545
4.182894334496825
5.814575549793928
7.720185149846075
5.563123556816672
5.1861707553138015
6.037255370800798
4.3306999786399825
6.562421944173102
4.588249670655143
4.3472162638380585
5.235608122168057
6.054100247147712
4.282228808270804
4.74629647632796
5.808065749863768
5.871378072127045
5.597483760877019
5.729791556895275
4.644682285559969
5.4198880229780295
6.929402246589737
5.1628345334655386
5.0523771310885035
6.227473213547671
4.714934957242315
4.943464971823963
6.294978831767488
4.377018090910213
5.192188479089355
6.572350825590622
5.222325869859994
5.128379302637511
5.458222848488081
5.433036421902213
6.652035450985649
5.791331266858496
6.297191636650399
5.187610037180618
4.932666444236293
5.49774472132151
5.096222070830562
4.566970951555964
4.793030392213905
5.3181062220116715
5.428005087089335
5.43945689168411
5.664540594054921
5.155744344772952
5.605330522843835
4.885985068767142
5.413912971570965
5.3179030179777484
5.520680439734125
4.620711420422646
5.68314691684641
5.705561934824195
4.650073233316863
4.825996606199977
4.739818363387156
5.2629018156899
4.963009480457254
5.324136603868461
5.859290336522808
5.58398042502037
6.499682086397995
5.084651542820128
5.06819889080146
5.418435611873666
4.898216176259167
4.512208698398609
5.057155243555285
5.277253144790316
4.650093717765842
6.05654731760173
6.060031311943212
6.484233426506445
5.6196860411024705
4.497841669442108
4.868492008446776
4.797834715446068
6.206466425715347
4.804578247842601
5.070742007471492
4.903787302551356
4.850045929788787
5.350119810772255
5.064719445325298
4.893273871088765
4.719614288722816
5.135344613773184
6.317724211736699
5.158648253547259
6.656860250763225
4.958471794475186
6.179572841901322
4.790925696413032
5.231294732642412
4.076072320542101
20.78648693216645
76.6972780630458
104.28121179815211
79.82854006085194
58.1960039636908
53.83879517704518
31.615319628831703
23.066116214083248
18.37284983374556
15.3489671385793
13.234082170152112
11.681220877821943
10.475763895369937
9.511385242636253
8.728355226818618
8.078941364734787
7.521761633221351
7.042143904018179
6.632016625592513
6.263780878496968
5.939752774688097
41.95996153846154
65.36744315744316
62.48077272727272
63.992328146853154
4.44210926191408
6.256065547740438
4.609557274581841
4.473481277073115
4.82596222451846
4.482355250308404
4.9065704143759605
4.726514367380435
4.795768277296766
4.545569019275386
6.973552818050009
4.880102699030533
6.214708464118331
4.926444545519738
5.225407982542059
5.618963056679354
5.311433295187985
5.306643515541484
4.893371533679648
5.991560217659192
5.1191252280464
5.172112770939365
5.150634488979726
4.910814562397978
5.114516964376019
4.603013101871468
5.308068609519612
5.180815859773609
6.717753359024473
6.488444679333997
4.976122668860358
4.949687213613392
5.272492362827163
5.489479909231474
5.393447389752047
5.877162989021458
5.369844836020386
5.1830071961778765
5.062924877597293
4.779449639454524
4.56162994090126
5.664559293133827
4.625271362457861
4.970870952812684
4.9222763135288785
6.371063472322021
5.554757377068154
6.817644914004806
5.006634229962444
4.708196262781069
5.943413396320272
4.3792785252333735
4.586031873286767
5.729511156918809
6.710974268160954
6.549677988000992
5.457572292141847
6.0032080359950735
4.2663660182742325
5.6565896972562655
5.5093560427692765
5.838136010932869
5.317853802149211
5.87521380354151
4.549879347051382
4.985876580012898
5.419528358577728
4.722273842412226
6.045829848724088
6.203038352868183
5.174590334046949
4.895374182314213
6.3758379690268505
5.59104678199256
5.367950038730007
5.688706118110706
5.4687480195209766
5.696441904583645
5.970182551006842
5.090775514430248
4.82754392598391
6.167970745996026
5.520231360443595
6.424961600429526
4.321987710016455
4.4939179673663885
4.585941998105494
5.235759741885883
6.3858957964753635
5.722126968306538
5.549123819368422
6.1649639577313655
5.36423905049109
4.707226592488961
5.625809114887804
5.424390170180281
5.100932166700988
5.337388419031592
6.35388750485708
6.5415686639117325
5.273093206925248
5.9452310813890765
4.1610133562389215
5.781668524390046
5.598437084442772
5.90044719742742
6.2204987112157735
7.591442739146679
4.823066381795713
5.841188020460058
5.659009639852738
4.437878914094588
5.555649690945804
4.746744693840122
7.2385089392293755
5.758554366395453
6.357207076204772
5.747614237053086
5.73761628699826
5.891154742326176
5.2348974220570526
4.712037321558195
5.171761714102936
5.821683156685708
6.5553042256586425
5.408889956023573
5.884488932740774
8.065194126951978
4.241376292620004
5.451984562634602
4.504229954208828
5.764159966580971
5.844513173057287
6.137411130076516
5.118297733391102
4.762319167471955
5.0329049190131885
4.202288038495868
5.2970527026924445
6.53756419402177
4.5343036675095725
5.454445150847805
6.493757256798395
6.548532661557048
7.585246879877336
5.961569922052447
4.572445794263718
5.745412989319261
5.1305545470094875
5.230533127536558
5.222961209120487
6.3929266033675685
5.198230188004995
6.681516415869805
5.728324480111655
4.233250148555294
5.946956389319829
5.962958701189295
5.811076297219557
5.785517326787344
5.041941818105971
5.531105894651595
4.626905056069106
6.407135112693888
4.931275918145032
4.270410755545999
4.563972017241924
5.583074176871492
4.690318236106319
5.055552446748501
6.250632446847401
9.724274880486009
4.932419744809722
6.323189143849239
5.6823626194106165
5.0674964105208735
5.206276253094277
6.215673403427181
4.684669218853972
5.122891456786004
5.567371250910947
4.83448161063412
6.041327820703549
5.622424095717151
4.325303683776139
5.568749527505317
6.246604693193566
6.882402466531467
5.5576263083223045
5.623894689222632
5.432605766639508
5.183250079426306
6.14195796363278
5.026387030249561
4.687683678543435
7.207619857373183
5.399280943288465
5.115898863196077
6.430506705002316
4.458715464586852
5.485442895730739
5.245898309562875
7.432921934614971
6.855007933584549
5.552531899695635
6.364869211951714
4.919439570514238
5.334943625922567
5.063292281827603
5.315886822452256
4.682474555503885
5.463880380551541
7.075605042464458
5.677989542722853
5.758547415035374
6.201484640420654
4.7915020788089
5.956235783165539
5.250806744859222
4.491224716251342
5.260212200888405
5.4108274370059375
4.707959608101795
4.320159425080758
4.729378716994386
5.982973349921578
6.286480851728276
5.901461391621267
4.416401024599747
5.84323645810034
6.415514446557848
5.5064898144842935
5.368825196761254
5.741558965198565
4.719101742028078
4.498462611882825
5.982546578605028
4.35071272588873
5.039288883334808
6.181995324555913
4.699118948892125
4.593218652786148
5.089611162702157
4.836528617425658
5.225825989048072
4.782661432999239
5.190665370592267
4.106882863838025
5.380245205064987
6.4465079684226145
4.33660204029108
6.147009844304389
5.303577599581015
4.663984760890706
4.74969990795571
5.329803845488922
5.671065912415234
4.812501732307262
5.759297781673797
7.259110836128599
4.953181894459558
5.086815528579704
5.16302871936235
4.185815021995387
5.176911711891005
6.399014968235626
3.8955315403464024
5.355416728989992
4.2393446032371465
5.706052129543298
5.714935504310111
5.897381771719486
4.703234359319434
5.481950142453076
7.496552489912832
5.332879159668863
5.40812440554918
5.460402203704819
5.302873139124306
4.572800280857307
5.7448149320232025
5.217714332419251
4.97826712756682
6.111791529477514
5.6221918933275745
4.7340790910147055
4.718080351972504
4.8552395376996165
5.787539647561664
5.4994906331152835
5.838724649017012
4.619792424346581
5.234632333001142
5.517186031851392
4.499306590879827
5.722093934971192
5.007675531962609
5.034483217459066
5.455313307635615
5.735090414875653
4.5119693964283005
5.422674388164645
6.412310341900616
5.600696507393586
5.426835391843067
4.485376402951341
4.924189047025015
3.9555339652589123
6.795600858928565
5.170442293760343
5.708731324925343
5.484450082978586
4.992343892488936
7.014793476856936
5.280490843520583
5.463829888653451
4.464988988474443
6.047879153717901
6.5081939715746735
4.9908756898697115
5.612416273504261
5.212455139880994
5.767708516241847
6.327205371187116
4.811479217833
4.733297325922023
5.13425488530927
5.2698143574858
5.077325209551611
5.529236048980884
4.793900999681307
5.694232489141265
4.5463443195029996
4.551350919413258
5.501971952347662
4.889413190715613
4.704530575860514
5.140219852233932
4.469620135292649
4.60564008415391
5.158905095485241
4.485973030267294
4.6219081592570035
8.115094206145773
5.241220613403829
5.553550918715114
6.536546475878362
5.068351311433698
6.540560217619089
5.156990273151337
5.890280742498301
4.851945904130841
5.917903530129422
6.281755691072422
5.400631602943052
5.862305010245201
5.165565082924767
5.803722607498962
4.9622210338833765
4.8512353419345455
5.736668248825228
7.418624925731715
5.451353334521437
5.738047851689597
4.716914520929222
5.1143274940576005
4.959098435891667
5.381916203001262
4.8033914982928145
4.643648145124055
5.630807797722127
5.359439172562297
5.980810085928657
5.1175116021678875
5.133909552425323
5.34579958795361
6.420294460796871
5.607600729382612
4.8570396101258595
5.45938430735195
5.450658963655949
4.859133462757772
4.851613033837698
4.862703481490015
5.380797496366856
4.622237292144942
5.449406099098228
6.03807074891885
5.328255808785948
5.347652941608485
5.680383939478986
5.9390861828861485
5.104925633223356
5.658410916876246
5.382590376171598
4.968559619617325
5.954884377014159
4.680292753184926
6.01722060019564
5.0601136105054385
6.4892401914117155
5.665150154274211
5.282427367051639
6.380489077815957
4.390354032527174
6.08399775935907
5.090713717040359
5.152940571929846
4.752526659256232
5.19168778419232
5.870276431049129
4.8721345929078375
5.905359082674647
4.829087226513027
5.2513662678242845
5.080350046364871
5.344160479360729
4.456635558018503
4.6051839622623785
4.453879377480084
4.309173284576499
6.6824268373938045
5.381455142709073
5.491439786228807
6.316006049404608
42.50127213194276
56.18609404467669
45.60462098984303
18.215489356614224
5.790763221878658
5.521645935674238
5.276577282267547
5.052821943476273
4.849717550239773
4.664979542152
4.495529453240005
4.342814290799801
4.19788480899286
4.070823333515014
3.9472647602648454
3.832227496816709
3.728093109128201
3.6243707882834544
3.530140226381907
3.4421631663796313
3.3582915065008865
51.415875169606515
43.175507420226225
44.21276517715689
45.61283174928772
5.2313900902549175
5.4397184914386045
5.8043444298402775
4.715689167888708
5.283297274080744
6.456414714358659
5.278449626739546
5.970539839165256
5.2568765802105535
5.452114864978089
7.043962406103876
4.665582199097217
4.848056674257983
4.606693893944322
4.335589380728579
6.861609482614784
5.836027158205457
4.474309252537069
4.843717625465038
6.485832386312821
4.4494268388245555
5.394493569156837
5.448442940646069
4.6852680048299
5.2152524625039565
5.601639896418354
5.614879554976484
8.061409742359176
20.026934610950004
62.801857935863765
63.58833559100944
44.615140543364674
3.1404504987648094
3.0709933888572483
3.0048798299800836
2.9424095668173904
2.883019499816927
2.826993699674948
2.772569034481902
2.721620089406486
2.672766257250579
2.6250047700342534
2.579335660882139
2.5349172877919828
2.4935884271171602
2.4534262242158875
2.4151996853510895
2.378126028928336
2.3411246962933823
30.404020623411192
40.97382597717802
62.84640942741024
68.23295967182011
40.25401981214459
44.06756036241135
47.486900000000006
2.227266685481813
2.197102765928098
2.167569894889341
2.138623039181893
2.1097702653694146
2.083480849626596
2.0569688494176974
2.030766433151462
2.006441629081186
1.9824817352973754
1.9582286678419067
1.9359188883540406
1.9137782736322846
1.8921287787903256
1.8711369945869236
1.8514187944918084
1.8313492751174691
1.812436946157082
1.7936459034067849
1.7745503430373413
1.7569186813176418
1.7392893989319287
1.7219749985105097
1.7051757521204427
1.6880291228263073
1.6719786551128037
1.6554037729663065
1.6396006345129397
1.6236152999277733
1.6077430807406012
1.5921990562239279
1.5787210650918186
1.564394169914122
1.5498098581915862
1.5360824952181662
1.5222781528297689
31.994696934246466
32.78566269621527
31.346652317708987
27.033369658119653
4.9477715696341305
5.517391704038457
7.002551745763208
5.665538411154787
6.226756439480071
4.705197690790642
4.642806078727113
5.001020030709785
5.365661776938701
4.68411839711385
5.016641274638108
4.886170877865102
4.930977976886685
5.835146651873869
5.359724692066992
4.574106357728052
5.539636491252617
5.227367170843049
5.784869414468671
5.042646234568323
6.039751015297202
4.599042643354625
4.978644585562142
6.174042349569811
4.392856989863785
4.627454033569311
6.264887107588922
4.566036705198446
5.339350214112277
5.253495116992164
4.047224444190758
6.132027076437348
4.803789038529448
5.666611134818169
5.0537133151553535
5.507016484576595
5.32418053556278
3.9844728753910044
4.868926248367148
4.892067228930784
5.138220043590661
4.524456048669017
5.641484577039245
5.166057867989135
4.99540432793175
4.696874975139835
5.449179281987168
4.33204790830541
6.781984324745074
4.115563606106143
4.283745566946108
5.30490117186537
6.337348538041266
4.130311607487754
4.238545962786748
5.062824309080817
5.2539542272561475
4.919265326054375
5.2029990972548426
3.8384304158096096
5.087106764125642
5.824998494750071
5.185705513581857
5.264071687201761
5.5157308281516695
4.4069341956219725
4.37233670811859
5.73469760289095
3.6077711487292867
4.900796882203223
5.136578893790434
4.581624119024895
4.895835642026014
4.184243177147486
4.5818256539288935
5.861512446910409
4.939280448369645
5.152326824678982
5.786534479628516
5.292231896977726
4.876884085922223
3.8662483856470273
4.772402666616572
4.685781268474835
4.585612189463179
4.960429826150546
5.139704852009751
5.573078686856386
4.86165432849947
5.25126559358765
4.615258941559058
4.743896425845815
4.848682069063139
5.078624061437838
3.8613416743329383
5.5924850149773215
5.175256577029415
4.281297272627311
4.843483431625352
4.2412439939032405
5.67631819997147
4.70071385910315
4.735040723931524
6.022987535355392
4.960881642996121
5.607352926570997
4.690445706077108
5.187797506953306
5.453293802656133
4.778568330816374
4.201095050870695
4.938851522437379
4.509828757744341
4.9210709845707195
4.91099404585779
5.370699520077061
4.2434958926399196
4.123943771086501
4.26289051410884
5.143388697815917
5.025709726542167
5.573102893335053
5.004108257597203
4.6887654080928005
4.656763766445074
4.4012862450169585
4.20290406464538
5.230101832020341
4.265487313608145
4.648204104319957
5.496047214259531
4.450545206145109
4.97215631671811
5.623057996941022
4.054372732501139
4.803308756095025
4.677602393795801
4.916603008013997
4.0024119871684025
5.776135876737341
6.157098556096165
4.886550831022554
5.7430880398883755
5.171370970989654
6.757902364709465
4.441764703950405
4.891574544463793
5.763284392820326
5.828177152481369
6.180776393447627
4.807777819538362
5.289912093834331
4.9977511513264385
5.049592417199387
4.608242602028611
5.359061219213991
4.197557194748532
6.2318731137997805
5.101410405860224
4.822349265229128
4.43081389037074
5.890490892167616
4.97995197660892
5.793076434158554
4.958993374482656
5.525442210856247
3.9412138421539726
4.4419352565406856
4.482836849443291
4.028978015483444
4.046788953721818
4.975881808772574
4.142466055830767
4.60579459139963
5.852277612007311
4.536348525112108
5.50668559954894
4.942263040493138
4.163585406205263
5.766726049723754
4.326256149642184
4.870964873958314
4.607258674466037
5.060687396692446
4.237051672764745
4.536392967597476
4.981021832337709
4.430510316954509
5.031725318847479
4.983454904623439
4.714910226217809
4.263159185726542
5.806790542729921
4.93993006910307
4.994435602387441
4.036708370240189
4.524448105384027
4.891376417191891
4.550363042762158
5.034001927893738
4.44576700664932
4.657382349757672
4.271643229168551
4.534666167525957
4.149974973136543
5.249435373202466
4.197034120384584
4.41773511600324
4.572773076360271
4.817454221320804
4.39015599616029
5.157043014141082
5.0584743206823735
4.706709475395952
4.401091031901586
4.287342387696576
5.028311008833836
4.757561788633347
5.426720027127804
5.830305049753517
4.997063855882665
5.428429872273864
5.022675877478116
5.254976372888738
5.021703654133322
5.399589361063041
5.400568929903438
6.269964502886227
4.384375671946336
5.2081392932200155
5.023197746960724
4.462540158677505
6.431696357941559
4.939164263383116
5.938723259129425
4.968374975727798
6.527782004730813
4.64300984149821
4.999772747806942
5.105911420063989
4.8271158977892625
4.899495076698004
5.104790996625719
4.857776372533561
4.472224704110171
5.346402036916768
4.744245102656329
5.516340100204766
3.919876712778708
4.092112202740095
3.934222101241646
4.292532125469859
6.301239319190675
5.130424886426702
4.4064168536199535
4.895808668743663
5.827305675111319
4.551434810802582
4.99716075143749
5.23528080480963
4.351254220649626
4.932125865443322
5.802326690972523
5.616547524762
4.609208086624783
5.7132347948773665
5.175121722107496
5.769400075989397
5.985247922763242
6.919127347289787
7.298126957830363
7.097132642468213
4.688631589024918
5.13454999246053
6.040948075786398
5.458318437909952
5.900539573277118
5.06386711742115
6.8627978339941045
5.352368330375218
5.991270183165552
5.0402888473364715
6.003528177042783
5.585965357268253
4.949821689562852
4.039660673863702
5.059979385235729
5.127130712264484
4.633281690432518
4.932042613458405
5.602925686043534
6.216055823102997
4.409884282057134
5.003346131950337
4.473070139414972
4.559557621509811
6.29938750345624
5.310306142577477
4.4384347465101905
4.634482419361674
4.791073415814845
4.5390558249391315
5.409896535057491
5.055675889603677
4.625038556430199
5.401457341446737
5.468350481730841
6.062520616275318
7.677460770807428
5.430105306232068
4.86667477616867
5.7624151087017275
5.673010694964059
5.50067047787426
5.5945903316680505
7.14376771034353
5.319340895076981
5.335225938970832
6.345394434899511
4.828984559697725
6.033072063435167
6.311314021826245
6.417360556805888
