4.658488088463769
4.5715558643920495
5.569619093090913
5.5087292699113615
5.586110131551589
4.530813834852632
6.098369745153852
5.325970689458136
4.737894886891346
7.28468394692199
4.751635481225094
5.635864128972901
5.163087906371784
4.328412876940526
5.490278728736769
5.036227557984241
4.742299924846399
4.917117944814343
4.476983665362838
5.396655678966467
5.756894356292334
4.797636991637698
6.116067725023245
4.962952335016812
4.917583273351905
5.634266508384841
5.724734722438768
5.109446750608649
5.9759899403956664
5.565259355759598
5.371967828380143
5.036329444392306
5.104145422404962
5.571501926780705
5.303588095333437
5.411819033013818
4.421683926018431
6.326883932793567
5.539118720867366
5.302545437939614
5.794721484395101
5.539046208699932
4.554370115697074
5.222397350418532
4.629907508713034
4.847453642085974
4.634765133920034
5.374380130538543
4.823919223100423
5.5201327267460965
6.497964276383894
5.780124307714911
4.579642019915285
5.784856226632826
6.707399348239005
5.4646813558567064
4.806771639168406
5.198808572492335
4.802756473019196
4.289748002722619
4.851776111333447
4.2672675371286575
5.6786427555102446
6.187377357647754
5.379817149932705
5.6599048611149945
5.5696923121691215
5.25587615058374
5.585025266673103
6.105881124712142
6.6336902745161614
4.964618490123629
5.822419722968395
5.534782732368881
4.937969226689621
4.893966335238036
4.8069520835528285
5.932934851750343
5.634915427049414
4.8009373078834185
4.435038582377342
5.026309016902065
5.192400759200598
4.51317567239311
4.6953908996760845
5.559818624950602
4.619250027903
5.345098343774829
4.129976656400845
4.439120495763656
4.608080624408435
5.7176010529577415
4.929320685923712
5.778349092574034
5.816517796873371
5.601214715683725
4.638356453194249
6.516333457103834
5.400640517828712
5.537114425252062
4.799825320215113
4.772026010357639
4.682364303158732
5.334375523746721
5.373550227624289
5.577359698196954
5.030612822643898
5.696268283510822
3.9782617066106094
5.9864391114953595
4.545942912929043
4.477160810879035
5.514676540973576
5.750376360717219
5.661070331124747
6.07484849569624
6.5423527001042485
5.676925528764247
4.574305540820353
4.776549246551215
6.217635623617095
4.847172726345012
5.284215934814491
5.539192231604926
5.452829525831313
6.184358046714235
6.173971438437543
5.284731100287365
4.957377456161908
5.305734817529344
4.987471302952568
6.362331567001754
4.578713008509011
5.576701310922025
5.306985920782995
5.242197344727824
5.397057496123425
6.097258462997889
5.104607384502408
4.8595574548570575
5.1685955380391855
6.558895556271321
4.871305227990515
4.874317762602698
4.818544616298571
4.996389647683697
5.028405390701378
8.521614079025857
5.432979476812779
5.777142870797963
4.8827371545586855
6.466639341927594
4.547024470337169
5.868960507202091
5.796171489076027
4.681122700882019
5.795437297707439
5.052627590628653
5.461916479224255
6.680589971038028
5.542524888593704
6.604501429454044
5.034315257134385
5.944383179139268
4.780281910544956
6.3111115688069255
4.792530662230564
5.019555494429049
4.581364131945802
5.410988819704222
6.645078777361789
6.2649642630314135
5.373458600020387
5.3342549413558284
4.789593587860891
5.67004164277733
7.122163087959223
5.678073526951258
5.287749902931619
5.247691993898488
5.528071455406674
5.658651441600519
4.964549370658272
6.787510022709612
4.711454203315335
6.278515242204929
5.410607982343906
5.11757444799192
5.316912413121818
5.628484608265911
5.641393644389844
4.201601864569503
5.29615710533141
5.123285416619886
5.166605798290289
6.11394599887678
4.297407962914894
5.6302201818416915
5.3056382286931925
5.599803110913234
5.177977687078254
4.832185449197322
4.625544644844514
6.1068706503404995
6.0929761839872585
6.309084390964625
4.778175536824616
4.971762396149488
4.556240136200081
5.065688948551301
5.476947965316842
5.368848909303715
7.026052166757492
4.796115245057245
6.318470748573064
4.934353057451213
5.9812411376929076
5.2382674011831885
4.892329068606373
5.0907852560438895
4.809139368271924
4.87428406760364
4.894680339394446
4.801664138655171
5.253409404642657
4.864135077949233
4.9667575887360815
5.100601317340656
4.950509628468052
5.29015041441875
6.423253695922827
4.691383429053986
5.260139580065577
5.109808209776926
5.258735256731554
4.755399377433688
5.934475448029042
5.493734202915769
4.675544015888741
5.455569416433991
4.984592963445148
5.68751486895057
4.989614660189346
5.7563663124805045
5.260561756118185
6.814679810015787
5.72443783669194
6.024325098589926
5.4498138625994885
6.659014489516507
4.448053784850997
5.005625493402935
6.862512190812788
6.048231279895894
5.52474055796454
5.862016591697768
4.822345382928754
5.932014810410267
6.206822615159231
115.46516666666666
93.35897584033613
99.21773809523809
38.698266129032255
5.413142990161832
4.786535117140715
6.14132028582904
4.6344354206555884
4.370659671316085
4.679879837960753
4.786145146217543
5.279505362248772
5.80369797188208
5.570996884732375
4.464134473206517
4.726334614044675
5.549370525700397
5.832152277845283
5.874058921650967
5.259341265521332
5.117362391386178
41.6714354518031
111.7338125
109.35468253968253
62.60580513038549
4.468233343484709
5.777880697637698
4.632031973430423
4.327265659573379
5.791337983758299
5.574749990294309
6.087297074040498
5.047710559496696
5.7240110851316715
6.127149878892669
5.048386007566024
5.711637467766549
5.669216708157185
5.202059708989725
5.680927391187749
5.369269622780898
5.328041398168412
4.411405940397544
4.863221192678652
5.1850550297459135
5.255598691586368
5.6422728124895265
5.008629306804916
4.504914049654264
5.949741255367975
5.935965012509079
86.01901260504201
74.32571646825397
79.85404805511948
91.39821114590819
5.28713057701092
4.522215614338272
5.616203722353255
4.085452720405212
4.391347955930463
5.269460396782245
5.094044301912103
6.270831815492661
5.197943501186502
5.097215862703691
4.940811089815012
5.775611908172237
5.3520815686143735
5.176319321270203
6.1300696681101705
5.44224780976348
5.671111814727149
75.42670758189179
82.90242680434267
62.65178535353536
7.27717232220738
6.566095636784808
5.200042126284659
6.118539249573778
5.227874809701709
5.7612799583062415
4.839170039353466
4.701636714604554
6.2031886992797585
4.710786479969991
4.930205943308027
4.765971808262236
4.413347553156255
4.461575273339925
4.929585120015317
4.980851598258862
4.099350929542817
4.6702723226355225
4.5415763616385565
5.238545489683898
5.780380392259826
4.790331936155816
4.759855552145897
4.736507991324815
4.9611404419261325
5.993427076384899
4.533992627549444
5.12285679615997
4.978342718077684
5.188294289117108
4.636926783484184
5.115306122569677
4.751447481714097
5.266006350083453
5.664955890802335
5.018543736424312
6.886272813005437
5.602514096635867
4.379936718588812
5.297686888983671
5.240419642706224
4.331093731623386
7.064345580264651
5.0906748232329475
4.24739874052654
5.129859519466134
4.961613099797939
5.9785093191812715
5.249543522862807
6.281554338292636
5.965799188173944
4.451547307107078
6.130396482320768
5.47718641799354
4.952048737571968
4.760251132981694
4.188375750795598
4.369025732261238
4.783686063618967
5.494455941741124
4.737156405074059
5.133668358290586
5.3066127857244245
5.324691230875243
5.50354922851913
6.174113396661815
4.77958405557667
4.735539763325976
5.98698408551129
7.218720697756826
5.04456105093845
4.8971514741857165
5.23686590090791
4.865363538597388
4.378948730961071
4.836833000411745
5.263023108722017
6.084715038831227
5.462420003066083
4.393113540320752
4.821674947175529
5.2521581852397015
4.363418691981313
5.331776721687975
6.117616946363737
5.147010395565758
5.187417902979704
4.5282369206450985
4.59766193317397
5.474899104298585
5.1100755762525525
5.796900171484543
5.453629499394431
5.3268857895957105
5.777299468182114
4.681694509519384
5.830577604417626
5.124030192925723
5.5464063045279115
5.240833656713606
5.293873793594725
4.496079877602786
4.296219879264698
5.129715021147684
4.377586491652807
5.7481848063451295
4.820688817246925
4.957477000774289
5.271437704623881
4.714385305961151
4.607938041384759
5.983095619498747
4.534247736610483
6.374063431009822
6.203402388791065
6.4532242656258925
5.148550296052496
4.131498668397273
4.5473361268664245
4.611569185934062
4.868768324967725
6.227575882562808
4.839234026210283
5.208292878200255
5.643660719363407
5.7596359418114185
4.727340522559834
5.403129836615717
4.411939831815493
4.871223938870875
5.590596031136224
5.238710438940481
3.955436290808026
5.005322087170718
5.508015914175899
5.119200912095268
5.250380817979052
5.104866166451447
5.240963586683194
6.927022087644827
7.5047076340018055
4.7756000052167895
4.889466889187053
5.2146905914119905
5.083157120082304
5.039935507882941
4.201154849718251
4.899195844533081
4.678384330724527
5.653083216852967
4.786041141196133
5.175693839412388
7.043672274143405
4.483462654769145
4.712965038391457
5.194029026251216
4.367370532313859
5.3411630953808125
6.265055848036245
5.878718567714605
6.716849187308371
4.703394579290661
5.166629970084646
6.769110581864026
5.9177471429562045
5.081209897730375
5.3519429370466405
5.0117299803901
5.73785875472517
5.065351706825086
5.314652369352968
4.753730058360725
5.025723769242701
4.90259953688456
7.698719502784968
4.709503593415577
4.560491905932223
5.661596621563877
4.993647709683637
5.207879758513172
6.259943246940786
4.888341202568253
4.510184592216838
4.951372441622367
5.7604447175767355
4.795471117532739
4.729682045080465
4.772408534734392
4.971522839885601
5.344840777655052
4.466547385817618
4.750232510804311
4.703848186414136
4.802846855928832
5.448926838532294
4.211968288528939
5.266973461374675
5.766525919048646
4.499035555424979
4.6552864147923865
4.753597870138516
4.736591864331011
5.179225154959033
5.6410205481735725
6.188284014154102
4.252742378904658
4.909527333002467
4.578844380434467
4.822107705877882
4.8257972108540965
4.836374056949943
5.186472754445634
4.670104822948627
5.302451525436193
5.169802668957775
5.386414406293378
4.958012392248449
4.643580876814947
4.822993174895332
4.578785801172731
4.560840912920989
4.71934360325252
4.8651873083102055
5.098766569546199
5.5942219178447905
5.031312903591958
5.175212486910241
4.960214092922813
5.107135639371702
5.5248412483644485
5.597050230481732
4.8834647176838635
5.7347373508214945
4.581269837131361
4.618718885674221
5.948007704962838
5.227523289374753
5.212612270396431
6.190255872064792
4.509792830080919
5.917534141562891
4.982060086537448
5.870261094520941
6.225227969231368
7.073978334245672
5.386678872443173
5.395348756953276
5.501800661081311
5.729513809018797
4.601425361862282
5.142587836139126
5.303204936176396
5.037413255949094
6.08530578472663
5.484511304989116
4.398074445861266
4.516085177366781
4.887975717561494
4.726919759326268
5.080962037627652
5.672010929293123
5.516905798906039
4.666953022173929
5.241985190293244
5.974040626914228
4.691007401695906
4.952710632202481
5.083893798996391
5.438553162995042
5.9944766097779665
4.975303229393904
5.2028497284458926
7.107304625926226
6.394582214020979
4.419561590863908
5.305831616415472
5.880114630541254
5.045422110351307
4.7119391508210775
6.272282726820849
6.587662868342474
5.842377424015425
5.671475024845392
5.051706740135918
5.651500421569424
5.222499295079967
6.263605861553952
4.825488248927107
5.429238154243364
5.135590559426663
5.098813356984108
6.566037549907347
6.090360101174865
4.376471715163109
5.434468556791719
4.85696067432777
4.398177898975844
5.003717245937332
4.780243055470684
4.1698042223605905
4.160946225789521
4.177156242745082
5.592109033088882
4.808730691484828
4.6788600673938285
4.18111418172811
4.043590469392723
4.741081495665844
5.051796619275424
5.893916176203891
5.721545796313615
4.583680485705399
5.320045371767883
6.261655034799799
5.328829893540494
6.665160358668914
8.72380014482955
5.5002435733775075
5.216474202843893
5.052797476453789
7.030825862752533
5.344277261130526
5.452683240095111
8.603606846178502
5.8128823731698045
6.330650152958492
6.7081829272121265
5.458810360444582
5.447347605258468
5.560293555183679
5.299560282935737
6.268911281342597
5.1973249684404665
4.974287477657826
4.906862568887263
4.9387174298781735
6.637975400245081
4.719394842408925
4.777836706380006
5.770811167753165
5.071320176828318
5.3854947899040235
4.4858003946011555
4.757533035855373
4.723277399103565
5.146427988511244
4.909065768267694
4.47194954441407
5.6302563782188955
3.9893234750437694
4.200653995476699
4.632443348303112
5.057387141958784
6.747843363314083
4.660016290669522
4.005903261083403
4.011632250110827
5.718617659597174
5.457390202745541
5.251599153334707
5.0583548804756155
4.726565188229976
4.527753779387946
5.552347276375783
5.892345574099786
5.504735787848853
5.296416728701015
6.290492804031869
4.947075436695112
6.022821650888488
6.001142518008958
4.505646189179608
6.183245220490738
5.705801906004353
4.603455225153584
6.742066166103643
4.379626745769064
5.00430306758919
4.872281115589635
5.152279072264385
6.53772387201674
4.935551106203634
5.592750891115127
5.263981941933974
4.393743176647778
6.790695992635535
5.721120142878997
4.9715968646886255
5.091981786971624
4.189890733112902
4.86084180580541
4.553026817631442
4.895486308197816
4.234589876085234
4.378053312820925
5.219240829098417
6.012912358153813
4.249227074145471
6.053380915962111
4.546559468471757
4.6111188162113015
4.868580661892895
5.246843075315053
4.647395943084046
5.175958778346069
4.920559534049439
5.0714807388209335
4.509122943464319
4.466968547375069
4.899234663760502
5.004516873684189
4.598975960108617
4.619486976357674
4.906038050289862
4.876062953493349
4.00658523384955
5.866287092840184
5.132444055725067
4.529216889396607
5.385732620067809
4.235611940936464
4.63419432897537
4.6113112413038655
5.499302562477316
4.404405025001759
4.590087259715177
5.638750005927177
6.09507669464603
3.935519130446711
5.529527210596075
6.8674618161754495
4.922558752793225
4.877073192809791
5.621551620922669
4.6274117123764835
4.19521867167623
4.667063408029742
4.465138398125948
4.47735717819436
4.82276681241955
4.2380255150019845
5.290763438930744
5.377569351405253
4.875298445391138
5.004596315125774
4.530510242645152
5.590025716516559
5.104821978681276
5.327250182990001
4.990162980392449
4.582364563527616
4.4554833023167575
4.552512598479011
4.272580244872423
5.623227017806154
4.55787564109819
4.410685552934957
4.902798490744941
4.7023850655531945
4.435530425956119
5.389035182593841
5.095910160915772
3.952127285474668
4.421703272472472
4.516782386714558
3.903771299993331
4.678348231326511
5.004939623746971
4.822578568838739
4.798039970135313
4.80157650899698
5.075263265647677
3.836645753614948
6.224995615436572
4.966084867792514
5.062246426361964
4.42446160309371
4.3590568994358
4.455232075558749
4.2918127560525825
4.360810677680865
4.623255612767282
5.12842759162129
4.210279040716827
4.753198699735068
6.463395660851598
3.797830182388733
4.279247752613056
4.520632990988503
4.48811240731922
6.055925691181231
5.087873971011659
5.4922656182651535
5.025509253872104
4.837243807939096
4.592272364976105
6.273596955489113
4.549111221408323
5.401088992893165
4.593121721799448
5.312662127826143
4.97368887923022
5.082479052841367
4.433212008707276
5.077596618062883
4.233002284140341
4.457378228212325
5.158640454323583
3.9670356913257865
4.580729820600412
5.184454258738211
4.861157465204547
4.500918858542798
4.250986064527027
4.824516911791688
4.579684206220207
4.694306139398722
6.265886358624739
4.295537826637155
4.545305974298626
4.301716200337502
4.327590373056807
4.182017541655726
4.046985887379929
5.172214847085189
4.75536066129099
4.9423516737896565
5.50723002392152
4.130089976310146
5.385185614960044
4.990922010820443
3.704906482368466
5.052161455748472
4.5091727678100275
4.977781297161744
4.714834504649915
5.563772988835369
6.151197347028813
4.449985086119482
4.907029782985029
4.542548869647611
5.325487484385307
4.5679494031009575
4.472302750587351
3.872495908724376
4.68085293303757
4.526900214033597
4.259859009645718
4.692719380602631
4.644189755461944
3.8931311852171033
5.312912760750167
5.732732430740148
4.033759611909832
4.17690295842047
4.358412603090614
4.9999145082146415
4.391193602736847
4.477152166041398
4.367920664047063
4.121787751332981
5.347946190443439
4.420370465212645
4.119276543067269
4.727341136928379
4.383985536627405
4.264795298449802
4.040825222749008
5.151234658060814
4.332159866575371
4.636086022657851
6.025357035942079
4.084043500361329
4.625867432815175
4.527960777005811
4.958331495653068
4.105722852427972
4.405944900152967
4.337869047301929
4.884147479449537
5.721492131732532
5.168463670305151
4.575529055200449
4.228728369105069
4.637492900846905
4.5980168874399165
4.492608063667305
4.6580768051915165
3.9875987337088175
3.9827998397240583
4.392706115770803
3.9686091678173825
4.982459874485986
4.797304257617452
4.297720222882551
4.341460637243475
4.510260616767963
4.083610128814216
4.334268007969902
3.9904560231463773
4.979152847386731
4.20467243742797
4.914032550448021
4.722945853842278
4.879385805480401
4.678081942826279
5.949692610633531
4.45330754849273
4.589706579524054
6.134235842210687
5.163742187416062
4.5298713606405006
5.394462648461618
5.623343381823429
4.495488984905879
5.605558772133159
4.449708165833906
4.697759515843196
4.780466523643506
6.02912193664062
4.681532715242476
4.623976728143503
4.258760318167665
4.65352612220194
5.269973633445211
5.17186342576844
3.935925604071831
4.941288807340681
4.141936320882968
4.916542233846496
4.607369469778783
3.973656443866211
4.122384490372616
3.7850222104991
5.9242682899128685
4.0801963546616875
4.478478158451017
5.528740123928649
4.201669165120064
4.318289945524978
4.613971012992158
5.076562795083933
4.863582982573154
4.846903562917221
4.430691100374136
5.309449737310217
6.369458306742047
5.507013178825361
5.618719564064172
5.897571770669502
6.011376244273484
5.262841026798879
5.683006316244821
8.050098873675575
5.323471826928248
4.61303957200324
8.528509060190808
6.3598535288694595
6.546378787977883
6.431452158258837
4.522904393327238
5.073674359628075
4.2017955131528195
5.526880639359306
5.744798236414998
4.092276522525859
